ATOMIC_POSITIONS angstrom
NI   0.000000000   0.000000000   1.999994910 0 0 0
NI   1.228650000   2.128084225   1.999994910 0 0 0
NI   2.457300000   4.256168449   1.999994910 0 0 0
NI   3.685950000   6.384252674   1.999994910 0 0 0
NI   2.457300000   0.000000000   1.999994910 0 0 0
NI   3.685950000   2.128084225   1.999994910 0 0 0
NI   4.914600000   4.256168449   1.999994910 0 0 0
NI   6.143250000   6.384252674   1.999994910 0 0 0
NI   4.914600000   0.000000000   1.999994910 0 0 0
NI   6.143250000   2.128084225   1.999994910 0 0 0
NI   7.371900000   4.256168449   1.999994910 0 0 0
NI   8.600550000   6.384252674   1.999994910 0 0 0
NI   7.371900000   0.000000000   1.999994910 0 0 0
NI   8.600550000   2.128084225   1.999994910 0 0 0
NI   9.829200000   4.256168449   1.999994910 0 0 0
NI  11.057850000   6.384252674   1.999994910 0 0 0
NI   1.228645085   0.709358571   4.006603565 1 1 1
NI   2.457296724   2.837445633   4.006603565 1 1 1
NI   3.685945085   4.965527020   4.006603565 1 1 1
NI   4.914595085   7.093611245   4.006603565 1 1 1
NI   3.685948362   0.709358571   4.006603565 1 1 1
NI   4.914600000   2.837445633   4.006603565 1 1 1
NI   6.143248362   4.965527020   4.006603565 1 1 1
NI   7.371898362   7.093611245   4.006603565 1 1 1
NI   6.143245085   0.709358571   4.006603565 1 1 1
NI   7.371896724   2.837445633   4.006603565 1 1 1
NI   8.600545085   4.965527020   4.006603565 1 1 1
NI   9.829195085   7.093611245   4.006603565 1 1 1
NI   8.600545085   0.709358571   4.006603565 1 1 1
NI   9.829196724   2.837445633   4.006603565 1 1 1
NI  11.057845085   4.965527020   4.006603565 1 1 1
NI  12.286495085   7.093611245   4.006603565 1 1 1
NI   2.457304915   1.418725654   6.013161883 1 1 1
NI   3.685954915   3.546809879   6.013161883 1 1 1
NI   4.914603276   5.674891266   6.013161883 1 1 1
NI   6.143254915   7.802978328   6.013161883 1 1 1
NI   4.914604915   1.418725654   6.013161883 1 1 1
NI   6.143254915   3.546809879   6.013161883 1 1 1
NI   7.371903276   5.674891266   6.013161883 1 1 1
NI   8.600554915   7.802978328   6.013161883 1 1 1
NI   7.371901638   1.418725654   6.013161883 1 1 1
NI   8.600551638   3.546809879   6.013161883 1 1 1
NI   9.829200000   5.674891266   6.013161883 1 1 1
NI  11.057851638   7.802978328   6.013161883 1 1 1
NI   9.829204915   1.418725654   6.013161883 1 1 1
NI  11.057854915   3.546809879   6.013161883 1 1 1
NI  12.286503276   5.674891266   6.013161883 1 1 1
NI  13.515154915   7.802978328   6.013161883 1 1 1
NI   0.000000000   0.000000000   8.019770538 1 1 1
NI   1.228650000   2.128084225   8.019770538 1 1 1
NI   2.457300000   4.256168449   8.019770538 1 1 1
NI   3.685950000   6.384252674   8.019770538 1 1 1
NI   2.457300000   0.000000000   8.019770538 1 1 1
NI   3.685950000   2.128084225   8.019770538 1 1 1
NI   4.914600000   4.256168449   8.019770538 1 1 1
NI   6.143250000   6.384252674   8.019770538 1 1 1
NI   4.914600000   0.000000000   8.019770538 1 1 1
NI   6.143250000   2.128084225   8.019770538 1 1 1
NI   7.371900000   4.256168449   8.019770538 1 1 1
NI   8.600550000   6.384252674   8.019770538 1 1 1
NI   7.371900000   0.000000000   8.019770538 1 1 1
NI   8.600550000   2.128084225   8.019770538 1 1 1
NI   9.829200000   4.256168449   8.019770538 1 1 1
NI  11.057850000   6.384252674   8.019770538 1 1 1
