ATOMIC_POSITIONS (angstrom)
Ni               1.2286390390        0.7093535490        9.0128649340    0   0   0
Ni               0.0000019230       -0.0000011100       11.0189462060    0   0   0
Ni               2.4642244780        1.4227189880       13.0272881070    0   0   0
Ni               1.2387561530        0.7151941710       15.0209755470    0   0   0
Ni               2.4572760100        2.8374169220        9.0128649340    0   0   0
Ni               1.2286511800        2.1280835430       11.0189462060    0   0   0
Ni               3.6924327390        3.5506983320       13.0276201530    0   0   0
Ni               2.4677586240        2.8437215940       15.0204940710    0   0   0
Ni               3.6859498400        4.9655441370        9.0128649340    0   0   0
Ni               2.4573004370        4.2561681970       11.0189462060    0   0   0
Ni               4.9211289880        5.6792703610       13.0277505390    0   0   0
Ni               3.6967676190        4.9714536840       15.0198461330    0   0   0
Ni               3.6859144660        0.7093535490        9.0128649340    0   0   0
Ni               2.4573019230       -0.0000011100       11.0189462060    0   0   0
Ni               4.9212127460        1.4223897070       13.0276202510    0   0   0
Ni               3.6966160050        0.7152787130       15.0204940950    0   0   0
Ni               4.9145514370        2.8374169220        9.0128649340    0   0   0
Ni               3.6859511800        2.1280835430       11.0189462060    0   0   0
Ni               6.1494102800        3.5503628350       13.0279816350    0   0   0
Ni               4.9255624130        2.8437736980       15.0200052340    0   0   0
Ni               6.1432252670        4.9655441370        9.0128649340    0   0   0
Ni               4.9146004370        4.2561681970       11.0189462060    0   0   0
Ni               7.3781196110        5.6789367880       13.0280595390    0   0   0
Ni               6.1545735900        4.9715622540       15.0193609870    0   0   0
Ni               6.1432636120        0.7093535490        9.0128649340    0   0   0
Ni               4.9146019230       -0.0000011100       11.0189462060    0   0   0
Ni               7.3789582730        1.4221866730       13.0277506190    0   0   0
Ni               6.1537906650        0.7157666040       15.0198461880    0   0   0
Ni               7.3719005830        2.8374169220        9.0128649340    0   0   0
Ni               6.1432511800        2.1280835430       11.0189462060    0   0   0
Ni               8.6071640600        3.5501702390       13.0280595260    0   0   0
Ni               7.3827869000        2.8442350780       15.0193609080    0   0   0
Ni               8.6005744130        4.9655441370        9.0128649340    0   0   0
Ni               7.3719004370        4.2561681970       11.0189462060    0   0   0
Ni               9.8358884290        5.6787529240       13.0281948130    0   0   0
Ni               8.6117605830        4.9720020900       15.0186578060    0   0   0
Cu               0.0166491576        0.0085198536       23.3352799761
Cu               1.2255234187        2.1370112504       23.3158299069
Cu               2.4693534311        4.2837809378       23.3195108963
Cu               2.4621320228       -0.0179137927       23.2956018193
Cu               0.0125040740        0.0072168940       17.0980434560    0   0   0
Cu               2.4760671987        1.4256316399       19.1880826686
Cu               1.2478547719        0.7182640912       21.2706651453
Cu               3.7017260597        2.1378549102       23.4019016697
Cu               1.2411159100        2.1352155180       17.0978014380    0   0   0
Cu               3.7023749933        3.5500150248       19.1916765065
Cu               2.4824140433        2.8405695124       21.2983966302
Cu               4.9371140409        4.2756405585       23.3286885199
Cu               4.9430105398       -0.0060703493       23.3140819020
Cu               2.4697108070        0.0072275920       17.0978015350    0   0   0
Cu               4.9289472337        1.4251400136       19.1913341727
Cu               3.7045835415        0.7222555757       21.2908008211
Cu               6.1737875857        2.1353543184       23.3315791383
Cu               3.6983605790        2.1352480720       17.0975611220    0   0   0
Cu               6.1567587772        3.5494191809       19.1939504934
Cu               4.9239392339        2.8382255685       21.3048305969
Cu               7.3902697866        4.2670778097       23.3600247909
Cu               2.4699760600        4.2628774400       17.0985397210    0   0   0
Cu               4.9305600190        5.6810351672       19.1890531677
Cu               3.7055565392        4.9712523505       21.2750840041
Cu               4.9270970170        4.2630879460       17.0982970610    0   0   0
Cu               7.3883816469        5.6815868709       19.1890812987
Cu               6.1633106361        4.9657556232       21.2688834244
Cu               4.9267502260        0.0076215920       17.0985396480    0   0   0
Cu               7.3882813393        1.4242920466       19.1891407651
Cu               6.1615615060        0.7180023728       21.2753227685
Cu               6.1554922450        2.1354459510       17.0982970840    0   0   0
Cu               8.6192643326        3.5505323495       19.1915074285
Cu               7.3891076781        2.8467010459       21.2775318037
Cu               7.3842970870        4.2633253690       17.0989758590    0   0   0
Cu               9.8463060875        5.6809487299       19.1909766077
Cu               8.6167532276        4.9692644264       21.2722889013
O                4.2805004784        0.7118866745       27.7720012931
O                3.4461954776        1.8910290655       25.4574871693
O                3.8153930241        2.3336167333       30.1934543320
C                3.7942858819        2.0670820021       27.8215290067
C                4.0387794922        2.7346265074       26.4726945911
C                4.3562648573        2.8692540918       28.9834928958
H                2.7083109525        1.9564509705       27.9735473669
H                5.1152317371        2.8696751926       26.2630570630
H                3.5459693296        3.7097667819       26.3816605348
H                4.0708157185        3.9286139839       28.8513766605
H                5.4630012494        2.8182697777       28.9766673012
H                5.2553061844        0.7368103542       27.7436278760
H                3.7082649888        0.9634490451       25.6596180432
H                4.1958896753        2.8135847079       30.9467241113
