ATOMIC_POSITIONS (angstrom)
NI               0.0000000000        0.0000000000        1.9999949100    0   0   0
NI               1.2286500000        2.1280842250        1.9999949100    0   0   0
NI               2.4573000000        4.2561684490        1.9999949100    0   0   0
NI               3.6859500000        6.3842526740        1.9999949100    0   0   0
NI               2.4573000000        0.0000000000        1.9999949100    0   0   0
NI               3.6859500000        2.1280842250        1.9999949100    0   0   0
NI               4.9146000000        4.2561684490        1.9999949100    0   0   0
NI               6.1432500000        6.3842526740        1.9999949100    0   0   0
NI               4.9146000000        0.0000000000        1.9999949100    0   0   0
NI               6.1432500000        2.1280842250        1.9999949100    0   0   0
NI               7.3719000000        4.2561684490        1.9999949100    0   0   0
NI               8.6005500000        6.3842526740        1.9999949100    0   0   0
NI               7.3719000000        0.0000000000        1.9999949100    0   0   0
NI               8.6005500000        2.1280842250        1.9999949100    0   0   0
NI               9.8292000000        4.2561684490        1.9999949100    0   0   0
NI              11.0578500000        6.3842526740        1.9999949100    0   0   0
NI               1.2272774755        0.6874365015        4.0581372188
NI               2.4601109565        2.8167346053        4.0637626063
NI               3.6887681429        4.9409630318        4.0610942144
NI               4.9157721980        7.0670904795        4.0630266891
NI               3.6842644747        0.6853428465        4.0489813004
NI               4.9169802470        2.8196723363        4.0574853653
NI               6.1439244440        4.9411196258        4.0686878295
NI               7.3718411123        7.0685789438        4.0550404843
NI               6.1441794200        0.6850273221        4.0459486647
NI               7.3683038286        2.8214068360        4.0676471423
NI               8.5980967467        4.9396047736        4.0664915370
NI               9.8291275773        7.0680625529        4.0640779377
NI               8.6027259052        0.6875528331        4.0528285602
NI               9.8264709262        2.8156970085        4.0589425897
NI              11.0576574376        4.9402280948        4.0534879113
NI              12.2875594715        7.0693704091        4.0585524210
NI               2.4533822255        1.3777219704        6.0846636606
NI               3.6969421411        3.5138996937        6.1152665953
NI               4.9138659478        5.6265054422        6.1113045542
NI               6.1429914862        7.7633016939        6.0900652236
NI               4.9156935236        1.3830827622        6.0690294221
NI               6.1447491904        3.5228773821        6.1396223298
NI               7.3690121868        5.6235460755        6.1078202290
NI               8.5966524829        7.7636231541        6.0890450072
NI               7.3703041807        1.3827685300        6.0764723224
NI               8.5816976929        3.5142267242        6.1211515308
NI               9.8260961142        5.6309251310        6.0920474754
NI              11.0561025393        7.7636845344        6.0907604201
NI               9.8231928678        1.3840078648        6.0959778438
NI              11.0518133476        3.5031393354        6.0905022398
NI              12.2845550614        5.6333681926        6.0857124067
NI              13.5166266250        7.7672949460        6.0863971129
NI              -0.0046608196       -0.0490438061        8.1483974123
NI               1.2260683203        2.0739529481        8.1517391234
NI               2.4336826547        4.2097132575        8.1333099643
NI               3.6671886077        6.3513654138        8.1282810401
NI               2.4531722194       -0.0501933008        8.1493296819
NI               3.6675979334        2.0588830382        8.1094386138
NI               4.8972556485        4.2091810293        8.2572159541
NI               6.1442936592        6.3512107111        8.1216817570
NI               4.9096082244       -0.0546667632        8.1328173873
NI               6.1428013022        2.0633966607        8.0986871375
NI               7.3924409867        4.2174822861        8.3954918613
NI               8.6045078337        6.3427539791        8.1315687065
NI               7.3708018027       -0.0532319001        8.1306681112
NI               8.6004278231        2.0749376061        8.1414117720
NI               9.8327010279        4.2083286371        8.1377290485
NI              11.0512297471        6.3367877725        8.1532637222
C                6.1082857750        3.6990665381       11.0332563228
C                6.0015415802        2.1841257570       11.0202401135
C                7.3949043579        4.2508527681       10.3933592086
O                4.9306985107        4.2341546574       10.3619537202
O                4.7998402349        1.6660677838       11.5376646465
O                8.5051372094        3.5359743391       10.9390301424
H                4.7092884039        5.1175123855       10.7044418425
H                4.0801234819        1.9275846495       10.9362963929
H                6.8317917688        1.7558348639       11.5882263221
H                6.1701923562        1.8174026821        9.9628974639
H                7.4623579406        5.3273075042       10.6247220327
H                6.0624646084        4.0242214842       12.0878053394
H                9.2067724074        4.1605752946       11.1922101907
