ATOMIC_POSITIONS (angstrom)
NI               0.0000000000        0.0000000000        1.5000000000    0   0   0
NI              15.9724448650        2.1280835410        1.5000000000    0   0   0
NI              17.2010944700        4.2561670810        1.5000000000    0   0   0
NI               3.6859488150        6.3842506220        1.5000000000    0   0   0
NI              19.6583936800        8.5123341620        1.5000000000    0   0   0
NI              20.8870432850       10.6404177020        1.5000000000    0   0   0
NI               2.4572992100        0.0000000000        1.5000000000    0   0   0
NI               3.6859488160        2.1280835410        1.5000000000    0   0   0
NI               4.9145984200        4.2561670810        1.5000000000    0   0   0
NI               6.1432480250        6.3842506220        1.5000000000    0   0   0
NI               7.3718976300        8.5123341620        1.5000000000    0   0   0
NI               8.6005472350       10.6404177020        1.5000000000    0   0   0
NI               4.9145984200       -0.0000000000        1.5000000000    0   0   0
NI               6.1432480250        2.1280835410        1.5000000000    0   0   0
NI               7.3718976300        4.2561670810        1.5000000000    0   0   0
NI               8.6005472350        6.3842506220        1.5000000000    0   0   0
NI               9.8291968400        8.5123341620        1.5000000000    0   0   0
NI              11.0578464450       10.6404177020        1.5000000000    0   0   0
NI               7.3718976300        0.0000000000        1.5000000000    0   0   0
NI               8.6005472350        2.1280835410        1.5000000000    0   0   0
NI               9.8291968400        4.2561670810        1.5000000000    0   0   0
NI              11.0578464450        6.3842506220        1.5000000000    0   0   0
NI              12.2864960500        8.5123341620        1.5000000000    0   0   0
NI              13.5151456550       10.6404177020        1.5000000000    0   0   0
NI               9.8291968400        0.0000000000        1.5000000000    0   0   0
NI              11.0578464450        2.1280835410        1.5000000000    0   0   0
NI              12.2864960500        4.2561670810        1.5000000000    0   0   0
NI              13.5151456550        6.3842506220        1.5000000000    0   0   0
NI              14.7437952600        8.5123341620        1.5000000000    0   0   0
NI              15.9724448650       10.6404177020        1.5000000000    0   0   0
NI              12.2864960500       -0.0000000000        1.5000000000    0   0   0
NI              13.5151456550        2.1280835410        1.5000000000    0   0   0
NI              14.7437952600        4.2561670810        1.5000000000    0   0   0
NI              15.9724448650        6.3842506220        1.5000000000    0   0   0
NI              17.2010944700        8.5123341620        1.5000000000    0   0   0
NI              18.4297440740       10.6404177020        1.5000000000    0   0   0
NI               1.2286291037        0.7093493440        3.5051478169
NI               2.4572689748        2.8374184573        3.5051651837
NI               3.6859274504        4.9655205938        3.5051822353
NI               4.9145943782        7.0936341388        3.5051822353
NI               6.1432556516        9.2217346578        3.5051651837
NI               7.3718976310       11.3498025571        3.5051478169
NI               3.6859109532        0.7093481279        3.5051651837
NI               4.9145719197        2.8374294200        3.5051772906
NI               6.1432389180        4.9655335189        3.5051838868
NI               7.3718976300        7.0936424019        3.5051772906
NI               8.6005396084        9.2217346578        3.5051651837
NI               9.8291690219       11.3497949438        3.5051588109
NI               6.1432307022        0.7093465114        3.5051822353
NI               7.3718976300        2.8374342041        3.5051838868
NI               8.6005563420        4.9655335189        3.5051838868
NI               9.8292008828        7.0936341388        3.5051822353
NI              11.0578334679        9.2217170558        3.5051823079
NI              12.2864707567       11.3497792646        3.5051823079
NI               8.6005645588        0.7093465114        3.5051822353
NI               9.8292233403        2.8374294200        3.5051772906
NI              11.0578678116        4.9655205938        3.5051822353
NI              12.2865026612        7.0936156184        3.5051941368
NI              13.5151401671        9.2216985104        3.5052013659
NI              14.7437952610       11.3497712502        3.5051941368
NI              11.0578843068        0.7093481279        3.5051651837
NI              12.2865262852        2.8374184573        3.5051651837
NI              13.5151579712        4.9655061655        3.5051823079
NI              14.7437952600        7.0936054651        3.5052013659
NI              15.9724503529        9.2216985104        3.5052013659
NI              17.2011197633       11.3497792646        3.5051823079
NI              13.5151661573        0.7093493440        3.5051478169
NI              14.7437952600        2.8374125985        3.5051588109
NI              15.9724325488        4.9655061655        3.5051823079
NI              17.2010878598        7.0936156184        3.5051941368
NI              18.4297570521        9.2217170558        3.5051823079
NI              19.6584214981       11.3497949438        3.5051588109
NI               2.4572639529        1.4187020043        5.5195264774
NI               3.6859151996        3.5467896037        5.5195435462
NI               4.9145798833        5.6749001432        5.5195516227
NI               6.1432453312        7.8030102425        5.5195435462
NI               7.3718976300        9.9310972344        5.5195264774
NI               8.6005300139       12.0591500056        5.5195173650
NI               4.9145674984        1.4187013968        5.5195435462
NI               6.1432334557        3.5467974894        5.5195525513
NI               7.3718976300        5.6749062642        5.5195525513
NI               8.6005499288        7.8030102425        5.5195435462
NI               9.8291851383        9.9310854415        5.5195352712
NI              11.0578155500       12.0591357377        5.5195352712
NI               7.3718976290        1.4187009556        5.5195516227
NI               8.6005618043        3.5467974894        5.5195525513
NI               9.8292153757        5.6749001432        5.5195516227
NI              11.0578554931        7.8029939872        5.5195525393
NI              12.2864874881        9.9310614662        5.5195540314
NI              13.5151319876       12.0591217237        5.5195525393
NI               9.8292277616        1.4187013968        5.5195435462
NI              11.0578800604        3.5467896037        5.5195435462
NI              12.2865187656        5.6748867752        5.5195525393
NI              13.5151519884        7.8029766386        5.5195630329
NI              14.7437952600        9.9310492098        5.5195630329
NI              15.9724585314       12.0591217237        5.5195525393
NI              12.2865313071        1.4187020043        5.5195264774
NI              13.5151648483        3.5467813078        5.5195352712
NI              14.7437952600        5.6748795546        5.5195540314
NI              15.9724385316        7.8029766386        5.5195630329
NI              17.2011030319        9.9310614662        5.5195540314
NI              18.4297749700       12.0591357377        5.5195352712
NI              14.7437952590        1.4187024748        5.5195173650
NI              15.9724256717        3.5467813078        5.5195352712
NI              17.2010717534        5.6748867752        5.5195525393
NI              18.4297350249        7.8029939872        5.5195525393
NI              19.6584053817        9.9310854415        5.5195352712
NI              20.8870605051       12.0591500056        5.5195173650
NI               0.0000000000        0.0000000000        7.5326998451
NI              15.9724246832        2.1280611959        7.5327070018
NI              17.2010678737        4.2561548665        7.5327197742
NI               3.6859305504        6.3842611671        7.5327263635
NI              19.6583909599        8.5123633023        7.5327197742
NI              20.8870525456       10.6404463525        7.5327070018
NI               2.4572697677       -0.0000063053        7.5327070018
NI               3.6859153685        2.1280642301        7.5327192345
NI               4.9145790033        4.2561629686        7.5327306101
NI               6.1432418781        6.3842694936        7.5327306101
NI               7.3718976300        8.5123727839        7.5327192345
NI               8.6005379744       10.6404463525        7.5327070018
NI               4.9145745438       -0.0000169259        7.5327197742
NI               6.1432347552        2.1280687818        7.5327306101
NI               7.3718976300        4.2561670810        7.5327365973
NI               8.6005533819        6.3842694936        7.5327306101
NI               9.8291995601        8.5123633023        7.5327197742
NI              11.0578328684       10.6404255405        7.5327149597
NI               7.3718976300       -0.0000210901        7.5327263635
NI               8.6005605048        2.1280687818        7.5327306101
NI               9.8292162567        4.2561629686        7.5327306101
NI              11.0578647096        6.3842611671        7.5327263635
NI              12.2865039808        8.5123436138        7.5327225374
NI              13.5151414349       10.6404061079        7.5327225374
NI               9.8292207162       -0.0000169259        7.5327197742
NI              11.0578798925        2.1280642301        7.5327192345
NI              12.2865226463        4.2561548665        7.5327197742
NI              13.5151578058        6.3842527644        7.5327225374
NI              14.7437952600        8.5123341620        7.5327244306
NI              15.9724490851       10.6404061079        7.5327225374
NI              12.2865254923       -0.0000063053        7.5327070018
NI              13.5151658368        2.1280611959        7.5327070018
NI              14.7437952600        4.2561514041        7.5327149597
NI              15.9724327142        6.3842527644        7.5327225374
NI              17.2010865392        8.5123436138        7.5327225374
NI              18.4297576506       10.6404255405        7.5327149597
