ATOMIC_POSITIONS (crystal)
Ni               0.0833333300        0.0833333300        0.2910888200    0   0   0
Ni               0.0833333300        0.3333333300        0.2910888200    0   0   0
Ni               0.0833333300        0.5833333300        0.2910888200    0   0   0
Ni               0.0833333300        0.8333333300        0.2910888200    0   0   0
Ni               0.3333333300        0.0833333300        0.2910888200    0   0   0
Ni               0.3333333300        0.3333333300        0.2910888200    0   0   0
Ni               0.3333333300        0.5833333300        0.2910888200    0   0   0
Ni               0.3333333300        0.8333333300        0.2910888200    0   0   0
Ni               0.5833333300        0.0833333300        0.2910888200    0   0   0
Ni               0.5833333300        0.3333333300        0.2910888200    0   0   0
Ni               0.5833333300        0.5833333300        0.2910888200    0   0   0
Ni               0.5833333300        0.8333333300        0.2910888200    0   0   0
Ni               0.8333333300        0.0833333300        0.2910888200    0   0   0
Ni               0.8333333300        0.3333333300        0.2910888200    0   0   0
Ni               0.8333333300        0.5833333300        0.2910888200    0   0   0
Ni               0.8333333300        0.8333333300        0.2910888200    0   0   0
Ni               0.1881685529        0.1643543224        0.3679497962
Ni               0.3382000405        0.2577607551        0.3478306229
Ni               0.4262855697        0.4290173517        0.3364564257
Ni               1.0113455969        0.7873612471        0.3453539933
Ni               0.2957007728       -0.0574042189        0.3430028872
Ni               0.0421232635        0.4115780400        0.3469031614
Ni               0.1758416640        0.5361834037        0.3491516538
Ni               0.2840405174        0.7133932537        0.3470528846
Ni               0.5270122136       -0.0073235506        0.3502666059
Ni               0.5958882266        0.2212525378        0.3639708327
Ni               0.5642756813        0.5069201489        0.3621176936
Ni               0.5474792649        0.7354417089        0.3445447087
Ni               0.7728203799       -0.0063426516        0.3436571910
Ni               0.8379851759        0.2147776616        0.3477845932
Ni               0.7905219931        0.4859002241        0.3466007034
Ni               0.7878886228        0.7383816906        0.3458019750
Ni               0.1875128038        0.1663208772        0.4226197038
Ni               0.1915532646        0.3987263656        0.4023626170
Ni               0.1818359795        0.6647267734        0.4000041360
Ni               0.1836065151        0.9186043630        0.3957954290
Ni               0.4430433449        0.1566632265        0.4065182631
Ni               0.4353598750        0.4137351186        0.4054612041
Ni               0.4253390391        0.6726596469        0.4063277616
Ni               0.4310889604        0.9167007251        0.4012482064
Ni               0.7058991987        0.1446796542        0.4150144437
Ni               0.6974225837        0.3931201166        0.4102319686
Ni               0.6836617855        0.6524573084        0.4007516405
Ni               0.6921114036        0.9031510571        0.4035636856
Ni               0.9478166346        0.1527964617        0.4042896474
Ni               0.9408159465        0.3986456633        0.4038405555
Ni               0.9415381950        0.6483832799        0.3970059304
Ni               0.9352554385        0.9110928214        0.3997958842
Ni               0.0868504683        0.0757748476        0.4631567140
Ni               0.0838142890        0.3459224550        0.4663351928
Ni               0.0893170634        0.5835775446        0.4518238401
Ni               0.0892893579        0.8340165019        0.4522963638
Ni               0.3520429915        0.0715201607        0.4677386398
Ni               0.3390280704        0.3302423125        0.4589413641
Ni               0.3314272058        0.5876005386        0.4566641802
Ni               0.3341367718        0.8397072540        0.4557231322
Ni               0.5953366577        0.0685778096        0.4617531675
Ni               0.5932790078        0.3235494059        0.4626960171
Ni               0.5911965319        0.5814669703        0.4590174578
Ni               0.5913818533        0.8291303813        0.4553825626
Ni               0.8486371065        0.0701239901        0.4657387209
Ni               0.8488515637        0.3260326218        0.4610884283
Ni               0.8417074157        0.5844572190        0.4536229138
Ni               0.8441611037        0.8273209839        0.4580438721
O                0.7042269611        0.4320452954        0.5655854530
O                0.5416005749        0.5816672158        0.5069554001
O                0.5975305426        0.6339431559        0.6269367495
C                0.5903292088        0.5964308652        0.5664490624
C                0.5783036328        0.6687009841        0.5312604649
C                0.6197985134        0.6869602412        0.5942562594
H                0.4782959184        0.6006165904        0.5718907383
H                0.6891458055        0.6628656233        0.5233303605
H                0.4835450814        0.7920547040        0.5294484284
H                0.5365051053        0.8136314983        0.5903025611
H                0.7402792201        0.6674140886        0.5912193211
H                0.8054517433        0.4200004340        0.5589827680
H                0.5554323075        0.4773901075        0.5157148406
H                0.6196454691        0.6883636980        0.6450495665
O                0.5161616594        0.3366240006        0.5074138463
H                0.5790198724        0.2311935914        0.5171487964
