ATOMIC_POSITIONS (angstrom)
NI               1.2254504230        0.7101865830        1.4556095020    0   0   0
NI               2.4444040200        2.8214761450        1.4556095020    0   0   0
NI               3.6633576180        4.9327657080        1.4556095020    0   0   0
NI               4.8823112150        7.0440552710        1.4556095020    0   0   0
NI               6.1012648120        9.1553448320        1.4556095020    0   0   0
NI               7.3202184090       11.2666343950        1.4556095020    0   0   0
NI               3.6633576170        0.7101865830        1.4556095020    0   0   0
NI               4.8823112140        2.8214761450        1.4556095020    0   0   0
NI               6.1012648110        4.9327657080        1.4556095020    0   0   0
NI               7.3202184090        7.0440552710        1.4556095020    0   0   0
NI               8.5391720050        9.1553448320        1.4556095020    0   0   0
NI               9.7581256030       11.2666343950        1.4556095020    0   0   0
NI               6.1012648120        0.7101865830        1.4556095020    0   0   0
NI               7.3202184090        2.8214761450        1.4556095020    0   0   0
NI               8.5391720060        4.9327657080        1.4556095020    0   0   0
NI               9.7581256040        7.0440552710        1.4556095020    0   0   0
NI              10.9770792000        9.1553448320        1.4556095020    0   0   0
NI              12.1960327980       11.2666343950        1.4556095020    0   0   0
NI               8.5391720070        0.7101865830        1.4556095020    0   0   0
NI               9.7581256040        2.8214761450        1.4556095020    0   0   0
NI              10.9770792010        4.9327657080        1.4556095020    0   0   0
NI              12.1960327990        7.0440552710        1.4556095020    0   0   0
NI              13.4149863960        9.1553448320        1.4556095020    0   0   0
NI              14.6339399930       11.2666343950        1.4556095020    0   0   0
NI              10.9770792000        0.7101865830        1.4556095020    0   0   0
NI              12.1960327970        2.8214761450        1.4556095020    0   0   0
NI              13.4149863950        4.9327657080        1.4556095020    0   0   0
NI              14.6339399920        7.0440552710        1.4556095020    0   0   0
NI              15.8528935890        9.1553448320        1.4556095020    0   0   0
NI              17.0718471870       11.2666343950        1.4556095020    0   0   0
NI              13.4149863960        0.7101865830        1.4556095020    0   0   0
NI              14.6339399920        2.8214761450        1.4556095020    0   0   0
NI              15.8528935900        4.9327657080        1.4556095020    0   0   0
NI              17.0718471870        7.0440552710        1.4556095020    0   0   0
NI              18.2908007840        9.1553448320        1.4556095020    0   0   0
NI              19.5097543820       11.2666343950        1.4556095020    0   0   0
NI              13.4575861638        7.7574602983        3.4148117337
NI              14.6499148487        9.8257439637        3.4005372389
NI              15.8439081480        7.7617614265        3.3880380816
NI              12.2425216153        9.8346484331        3.4427265562
NI              14.6475924713        5.6866932521        3.4206616672
NI              17.0404465832        9.8286211485        3.4101465771
NI              11.0236919767        7.7520213494        3.4574048046
NI              13.4429735549       11.9238787168        3.4442055908
NI              12.2351500570        5.6710113903        3.4340785188
NI              15.8464479642       11.9180720813        3.4277726715
NI              17.0476636073        5.6819945410        3.4272185627
NI              18.2416512245        7.7557552994        3.4240270590
NI               9.7902185280        9.8440073624        3.4855588302
NI              11.0119096973       11.9469420158        3.4682882614
NI              13.4281537644        3.5661358034        3.4616697188
NI              18.2569191524       11.9314045572        3.4509818220
NI              15.8510011947        3.5750899516        3.4547040362
NI              19.4636306156        9.8382861477        3.4541405405
NI               4.8442273901        5.6639138761        3.4439364069
NI               7.3276057550        1.3763892403        3.4632367079
NI               9.7868784693        5.6485997175        3.4720558995
NI               3.6488151198        3.5578500635        3.4670841240
NI               6.0650116641        7.7491702169        3.4744475740
NI               4.8972515845        1.4004773728        3.4798736516
NI               8.5514862927        7.7446621886        3.4848587580
NI               9.7467237981        1.3823678798        3.4691289378
NI              10.9904980889        3.5403075688        3.4749953327
NI               2.4546746871        1.4259624031        3.4911991204
NI               7.3060466064        9.8449179584        3.4935791520
NI              12.1828793009        1.4108056164        3.4811239426
NI               6.0921262186        3.5295308091        3.4779152984
NI               7.3067423129        5.6436954517        3.4818046499
NI               8.5430424090        3.5179145262        3.4923685715
NI               8.5471590479       11.9640041799        3.4983100607
NI              14.6284595406        1.4317008027        3.4928825523
NI              20.7013638572       11.9549527024        3.4762921843
AG              -0.1335931824       -0.0053233147        5.7906746251
AG               5.7327339105        5.0754709473        5.7738761153
AG               7.1632236051        2.5800096205        5.7729483809
AG               8.6155815422        5.0864082489        5.7651946112
AG               1.3095579398        2.4900204323        5.7826679421
AG               5.7706485601       10.1962864007        5.8212583906
AG               2.7462524593        0.0012475205        5.7982771963
AG               8.6161604334       10.1728989474        5.8424917055
AG              11.5909651898        0.0484380409        5.7994918750
AG              13.0246512460        2.5170306772        5.7898729191
AG               4.2260021972        2.5360135376        5.7920801842
AG               7.2052509281        7.6412985201        5.8195154354
AG              10.0891158376        2.5704071041        5.7827708290
AG               2.7996876768        5.0318917362        5.8250029738
AG               4.3146142863        7.6218740719        5.8267918317
AG               5.6649816083        0.0672922473        5.8074857147
AG              10.0267477447        7.6449154129        5.8339958499
AG               8.6343531938        0.0829842816        5.8092040136
AG              11.5106380523        5.0669115216        5.7902141051
AG              11.4732306237       10.1993436917        5.8457936662
AG              14.4664838970        5.0191636797        5.8257535098
AG              17.4574154425       10.1911619054        5.8396589417
AG              12.9273254582        7.6323489540        5.8504399561
AG              14.4441853743       10.2020323658        5.8455144251
AG              15.9508664933        7.5941248617        5.8533425922
AG               5.6987615808        3.3934797137        8.0899523810
AG               7.1558804203        5.9109346689        8.0947064903
AG               8.6264156982        3.3923139302        8.0921693170
AG               4.2397214641        5.9203037197        8.1074162657
AG               7.1631011356        0.8764135513        8.1041757172
AG              10.0867906401        5.9047915031        8.0926227349
AG               1.3083872256        0.8800135245        8.1076097625
AG               7.1026525912       11.0465554566        8.2244728351
AG              13.0158660320        0.8752329244        8.1117630660
AG               2.7676052257        3.3856107184        8.1179933015
AG               5.6883086267        8.4640831591        8.1194989505
AG               4.2347961582        0.8806379427        8.1133094572
AG               8.6049665950        8.3859595418        8.2273890782
AG              10.0970580481        0.8731974296        8.1062327507
AG              11.5566984877        3.3906902140        8.0989919705
AG              11.5402709984        8.4719404156        8.1340348685
AG              13.0210194436       11.0173033228        8.1258456861
AG              13.0177131576        5.9107942692        8.0976849697
AG              15.9449539184       11.0148900217        8.1154659249
AG              15.9368425170        5.9175706433        8.1281974414
AG              17.4088128941        8.4654590134        8.1210796548
AG              10.1410971419       11.0579190234        8.2344577346
AG              14.4808482255        3.3806969510        8.1237677654
AG              18.8646918353       11.0121944966        8.1249158677
AG              14.4855433568        8.4697543706        8.1069056475
O               11.5198627877        8.0444177032       10.6643240127
H               13.4588927107        8.6561512765       10.8936630252
C               12.5896127377        8.0820852424       11.2684458123
H               10.8943645111        6.8985409043       12.1875069270
O               11.5543737738        6.6271529518       12.8656524119
C               12.7445996048        7.3378163186       12.5614119658
H               13.5865857421        6.6297426725       12.4360044391
O               14.3725890289        8.9181484756       13.2390568099
C               13.1598269944        8.3267132853       13.6871986545
H               12.3576097139        9.0831364101       13.7981415596
H               14.9261675482        9.0839222850       14.0378901195
H               14.0441882426        6.7807871029       14.9218151546
C               13.3014634560        7.5969887539       15.0397660363
O               12.0443882846        7.0810305447       15.4802795100
O               15.1738297223        8.8569994162       15.7996644297
C               13.8062035785        8.5276561406       16.1523874507
H               11.5768604058        6.7275696013       14.6908946683
H               13.1792540672        9.4376288389       16.1741465286
H               15.4897345217        9.5496729672       16.4042850501
H               14.1835662303        6.8548035472       17.4815260742
C               13.7516098814        7.8717839034       17.5402064069
O               12.4457716883        7.8693511287       18.0962056433
H               14.3851527389        8.4566933222       18.2259335904
H               11.8748437922        7.4323331412       17.4335304548
O                8.6244507161       10.1483648210        9.4827160007
