ATOMIC_POSITIONS (angstrom)
NI               0.0000000000        0.0000000000        1.1900000730    0   0   0
NI               1.2286496050        2.1280835410        1.1900000730    0   0   0
NI               2.4572992100        4.2561670810        1.1900000730    0   0   0
NI               3.6859488150        6.3842506220        1.1900000730    0   0   0
NI               4.9145984200        8.5123341620        1.1900000730    0   0   0
NI               2.4572992100        0.0000000000        1.1900000730    0   0   0
NI               3.6859488150        2.1280835410        1.1900000730    0   0   0
NI               4.9145984200        4.2561670810        1.1900000730    0   0   0
NI               6.1432480250        6.3842506220        1.1900000730    0   0   0
NI               7.3718976300        8.5123341620        1.1900000730    0   0   0
NI               4.9145984200        0.0000000000        1.1900000730    0   0   0
NI               6.1432480250        2.1280835410        1.1900000730    0   0   0
NI               7.3718976300        4.2561670810        1.1900000730    0   0   0
NI               8.6005472350        6.3842506220        1.1900000730    0   0   0
NI               9.8291968400        8.5123341620        1.1900000730    0   0   0
NI               7.3718976300        0.0000000000        1.1900000730    0   0   0
NI               8.6005472350        2.1280835410        1.1900000730    0   0   0
NI               9.8291968400        4.2561670810        1.1900000730    0   0   0
NI              11.0578464450        6.3842506220        1.1900000730    0   0   0
NI              12.2864960500        8.5123341620        1.1900000730    0   0   0
NI               9.8291968400        0.0000000000        1.1900000730    0   0   0
NI              11.0578464450        2.1280835410        1.1900000730    0   0   0
NI              12.2864960500        4.2561670810        1.1900000730    0   0   0
NI              13.5151456550        6.3842506220        1.1900000730    0   0   0
NI              14.7437952600        8.5123341620        1.1900000730    0   0   0
NI               1.2281528512        0.7072716252        3.1984293906
NI               2.4568622202        2.8358611100        3.2001144588
NI               3.6863196790        4.9634227719        3.1980028445
NI               4.9156310872        7.0924960711        3.1982187106
NI               6.1438756906        9.2193069229        3.2004956213
NI               3.6855544210        0.7076695614        3.2004300583
NI               4.9181680837        2.8383275398        3.2019626965
NI               6.1464113348        4.9630595628        3.2070407744
NI               7.3723181809        7.0869878401        3.2040609312
NI               8.5998292594        9.2184901001        3.2016629173
NI               6.1420882324        0.7086746577        3.1976021747
NI               7.3723760176        2.8395262446        3.2058730309
NI               8.5973749289        4.9631749618        3.2076728554
NI               9.8271585661        7.0919959508        3.1999781120
NI              11.0573529985        9.2199961549        3.2007141029
NI               8.6010741115        0.7088158797        3.1980172438
NI               9.8246494435        2.8392740559        3.2033830334
NI              11.0561976373        4.9634093553        3.1999509781
NI              12.2860555652        7.0920417955        3.2010245551
NI              13.5151410937        9.2204829865        3.2012375630
NI              11.0577481233        0.7084336970        3.2001049820
NI              12.2848985843        2.8360794053        3.2010740076
NI              13.5146493407        4.9640298509        3.2009510673
NI              14.7438897816        7.0920333245        3.2011582958
NI              15.9726209644        9.2204414836        3.2010982423
NI               2.4548851593        1.4156250232        5.2116298425
NI               3.6843889131        3.5424198911        5.2087590985
NI               4.9134679395        5.6740308487        5.2045318756
NI               6.1443489691        7.8003690020        5.2106719794
NI               7.3709866772        9.9293252824        5.2134624037
NI               4.9124463896        1.4172406935        5.2101168652
NI               6.1561670968        3.5521312696        5.2393425261
NI               7.3712888318        5.6544472999        5.2470758745
NI               8.5980960296        7.7980051919        5.2150643332
NI               9.8281353209        9.9281671926        5.2133555828
NI               7.3711753874        1.4155709193        5.2029534734
NI               8.5846882390        3.5540383167        5.2437854923
NI               9.8284741195        5.6731418785        5.2092442466
NI              11.0569924158        7.8003525276        5.2132296326
NI              12.2857050483        9.9294813270        5.2129574673
NI               9.8300680561        1.4178974237        5.2085762053
NI              11.0552348743        3.5433814630        5.2128864991
NI              12.2852213006        5.6720573450        5.2131866824
NI              13.5147352656        7.8009619657        5.2137093593
NI              14.7440654142        9.9299986490        5.2132231031
NI              12.2862385043        1.4161510286        5.2141991690
NI              13.5135147256        3.5438631417        5.2137434169
NI              14.7431823682        5.6717076525        5.2131308239
NI              15.9726969414        7.8012661686        5.2128732194
NI              17.2013398017        9.9295409040        5.2135467453
NI              -0.0008577664       -0.0024452475        7.2270364295
NI               1.2271248638        2.1244007883        7.2244726752
NI               2.4510893565        4.2529127010        7.2290980458
NI               3.6811823863        6.3836321608        7.2270420990
NI               4.9120274515        8.5127535240        7.2260211043
NI               2.4556733215       -0.0026657548        7.2228201223
NI               3.6832058380        2.1241083373        7.2237792848
NI               4.8924191452        4.2567818043        7.1954080434
NI               6.1311481163        6.3935323302        7.2052988206
NI               7.3704767691        8.5105871625        7.2237370449
NI               4.9117316840       -0.0069024082        7.2284825301
NI               6.1360021160        2.1063542911        7.1996567208
NI               7.3706144093        4.2508884243        7.4160453777
NI               8.6079614987        6.3890010176        7.2155993773
NI               9.8297341957        8.5107082648        7.2260688898
NI               7.3715266807       -0.0065367514        7.2280468009
NI               8.6054187117        2.1093892863        7.1995808309
NI               9.8412731920        4.2562717974        7.2100117104
NI              11.0589962692        6.3823125422        7.2284410125
NI              12.2860795749        8.5091851465        7.2227228702
NI               9.8302143076       -0.0047446048        7.2279318678
NI              11.0558479255        2.1253187232        7.2270040353
NI              12.2865687193        4.2528867170        7.2262554112
NI              13.5137818257        6.3817646804        7.2226179836
NI              14.7424867590        8.5095155116        7.2215196433
C                7.9014059517        3.7647167242       10.3126915885
C                7.3114244036        3.4462235701       11.6565398038
C                7.9435346560        4.3476914619       12.7564209113
C                8.0578109029        3.6282659261       14.1159538954
C                8.2590354898        4.6305985996       15.2691984357
C                8.5957729818        3.9556059543       16.6017513675
O                7.1409049072        4.1239976767        9.4003755336
O                5.9072686148        3.5643244116       11.6534344734
O                9.2354054774        4.7527179402       12.3004776449
O                6.8758006432        2.8676102769       14.3320427163
O                9.3661169903        5.4991448865       14.9364916982
O                7.4857077494        3.1334750685       17.0113690013
H                8.9798564412        3.6320307567       10.1375626419
H                7.6019794787        2.3927829089       11.8608626283
H                7.2569438629        5.2094955741       12.8491628286
H                8.9528194079        2.9734075649       14.0531881459
H                7.3230412546        5.2080572674       15.3672490544
H                9.5118204122        3.3556563520       16.4699928371
H                8.7964503527        4.7355545455       17.3576779386
H                5.6479115906        3.8113369398       10.7408305496
H                9.6379685096        5.2541057410       13.0384340479
H                6.8524951021        2.6250265727       15.2804032488
H                9.2711730315        6.3367220727       15.4186196846
H                7.7676840108        2.5684681614       17.7486535457
