     1.0000   1.0000   1.0000   1.0000   1.0000   1.0000   1.0000   1.0000
     1.0000   1.0000   1.0000   1.0000   1.0000   1.0000   1.0000   1.0000
     1.0000   1.0000   1.0000   1.0000   1.0000   1.0000   1.0000   1.0000
     1.0000   1.0000   1.0000   1.0000   1.0000   1.0000   1.0000   1.0000
     1.0000   1.0000   1.0000   1.0000   1.0000   1.0000   1.0000   1.0000
     1.0000   1.0000   1.0000   1.0000   1.0000   1.0000   1.0000   1.0000
     1.0000   1.0000   1.0000   1.0000   1.0000   1.0000   1.0000   1.0000
     1.0000   1.0000   1.0000   1.0000   1.0000   1.0000   1.0000   1.0000
     1.0000   1.0000   1.0000   1.0000   1.0000   1.0000   1.0000   1.0000
     1.0000   1.0000   1.0000   1.0000   1.0000   1.0000   1.0000   1.0000
     1.0000   1.0000   1.0000   1.0000   1.0000   1.0000   1.0000   1.0000
     1.0000   1.0000   1.0000   1.0000   1.0000   1.0000   1.0000   1.0000
     1.0000   1.0000   1.0000   1.0000   0.9999   0.9999   0.9998   0.9997
     0.9996   0.9995   0.9993   0.9992   0.9991   0.9990   0.9987   0.9983
     0.9975   0.9973   0.9964   0.9963   0.9954   0.9950   0.9943   0.9942
     0.9927   0.9916   0.9891   0.9879   0.9843   0.9815   0.9790   0.9780
     0.9757   0.9731   0.9714   0.9691   0.9671   0.9625   0.9610   0.9588
     0.9579   0.9497   0.9457   0.9355   0.9346   0.9326   0.9307   0.9280
     0.9221   0.9065   0.9017   0.8801   0.8748   0.8627   0.8595   0.8561
     0.8513   0.8493   0.8393   0.8368   0.8013   0.7715   0.7458   0.7400
     0.7172   0.7063   0.6808   0.6575   0.4024   0.3573   0.2785   0.1504
     0.0000   0.0000   0.0000   0.0000   0.0000   0.0000   0.0000   0.0000
     0.0000   0.0000   0.0000   0.0000   0.0000   0.0000   0.0000   0.0000
     0.0000   0.0000   0.0000   0.0000   0.0000   0.0000   0.0000

          k = 0.0000 0.3849 0.0000 ( 62607 PWs)   bands (ev):

   -22.0884 -21.3314 -20.9202 -14.9064 -12.5661 -10.7676  -9.1050  -8.2317
    -7.7758  -7.4780  -7.2799  -7.1662  -6.1096  -5.9994  -5.9644  -5.3457
    -5.0679  -5.0444  -4.9055  -4.7276  -4.4645  -4.3464  -4.0446  -4.0103
    -3.7348  -3.6565  -3.5917  -3.5606  -3.5344  -3.4831  -3.4721  -3.4268
    -3.3144  -3.1630  -3.1385  -3.0685  -2.9994  -2.9630  -2.9161  -2.8613
    -2.8522  -2.8322  -2.8111  -2.7402  -2.7233  -2.6863  -2.5982  -2.5342
    -2.5001  -2.4548  -2.4454  -2.4415  -2.4065  -2.3885  -2.3481  -2.3239
    -2.3055  -2.2726  -2.2157  -2.1802  -2.1599  -2.1433  -2.1196  -2.1090
    -2.1058  -2.0940  -2.0677  -2.0274  -2.0124  -1.9802  -1.9604  -1.9198
    -1.9144  -1.8964  -1.8841  -1.8767  -1.8539  -1.8282  -1.7836  -1.7532
    -1.6968  -1.6858  -1.6569  -1.6380  -1.6163  -1.5926  -1.5782  -1.5630
    -1.5158  -1.4931  -1.4612  -1.4341  -1.3642  -1.3420  -1.3132  -1.2466
    -1.2410  -1.2261  -1.2093  -1.1728  -1.1594  -1.1524  -1.1282  -1.0916
    -1.0604  -1.0347  -1.0042  -0.9707  -0.9523  -0.9347  -0.9148  -0.8831
    -0.8723  -0.8547  -0.8225  -0.8178  -0.7936  -0.7721  -0.7502  -0.7360
    -0.7198  -0.6927  -0.6580  -0.6496  -0.6430  -0.6210  -0.6082  -0.5668
    -0.5276  -0.5166  -0.4969  -0.4700  -0.4500  -0.4213  -0.4011  -0.3528
    -0.3186  -0.3068  -0.2934  -0.2500  -0.2391  -0.2253  -0.2046  -0.1933
    -0.1744  -0.1615  -0.1425  -0.1202  -0.1080  -0.0636  -0.0456  -0.0340
    -0.0303  -0.0055   0.0007   0.0117   0.0165   0.0459   0.0616   0.0759
     0.0900   0.1016   0.1159   0.1262   0.1374   0.1486   0.1540   0.1681
     0.1899   0.2010   0.2346   0.2504   0.2567   0.2724   0.2859   0.2899
     0.3108   0.3429   0.3627   0.3900   0.3976   0.4014   0.4160   0.4233
     0.4453   0.4476   0.4530   0.4601   0.4848   0.5036   0.5238   0.5437
     0.5714   0.5840   0.5968   0.6106   0.6140   0.6359   0.6516   0.6971
     0.7799   0.7977   0.8275   0.8550   0.9164   0.9257   0.9341   0.9561
     0.9869   1.2084   1.2417   1.2983   1.3601   1.4544   1.4905   1.6972
     1.8792   1.9310   2.1040   2.4369   2.8346   2.8901   3.0707   3.1830
     3.3464   3.3819   3.4399   3.5649   3.9056   4.0103   4.1090   4.2287
     4.3980   4.6453   4.7915   4.8904   5.0727   5.1060   5.1469

     occupation numbers 
     1.0000   1.0000   1.0000   1.0000   1.0000   1.0000   1.0000   1.0000
     1.0000   1.0000   1.0000   1.0000   1.0000   1.0000   1.0000   1.0000
     1.0000   1.0000   1.0000   1.0000   1.0000   1.0000   1.0000   1.0000
     1.0000   1.0000   1.0000   1.0000   1.0000   1.0000   1.0000   1.0000
     1.0000   1.0000   1.0000   1.0000   1.0000   1.0000   1.0000   1.0000
     1.0000   1.0000   1.0000   1.0000   1.0000   1.0000   1.0000   1.0000
     1.0000   1.0000   1.0000   1.0000   1.0000   1.0000   1.0000   1.0000
     1.0000   1.0000   1.0000   1.0000   1.0000   1.0000   1.0000   1.0000
     1.0000   1.0000   1.0000   1.0000   1.0000   1.0000   1.0000   1.0000
     1.0000   1.0000   1.0000   1.0000   1.0000   1.0000   1.0000   1.0000
     1.0000   1.0000   1.0000   1.0000   1.0000   1.0000   1.0000   1.0000
     1.0000   1.0000   1.0000   1.0000   1.0000   1.0000   1.0000   1.0000
     1.0000   1.0000   1.0000   1.0000   1.0000   1.0000   1.0000   1.0000
     1.0000   1.0000   1.0000   1.0000   1.0000   1.0000   1.0000   1.0000
     1.0000   1.0000   1.0000   1.0000   1.0000   1.0000   1.0000   1.0000
     1.0000   1.0000   1.0000   1.0000   1.0000   1.0000   1.0000   1.0000
     1.0000   1.0000   1.0000   1.0000   1.0000   1.0000   1.0000   1.0000
     1.0000   1.0000   1.0000   1.0000   1.0000   1.0000   1.0000   1.0000
     1.0000   1.0000   1.0000   1.0000   1.0000   1.0000   1.0000   1.0000
     1.0000   0.9999   0.9999   0.9999   0.9999   0.9998   0.9997   0.9996
     0.9995   0.9994   0.9992   0.9990   0.9988   0.9986   0.9985   0.9980
     0.9972   0.9967   0.9945   0.9930   0.9923   0.9904   0.9885   0.9878
     0.9840   0.9760   0.9695   0.9584   0.9547   0.9528   0.9449   0.9405
     0.9257   0.9240   0.9199   0.9143   0.8924   0.8732   0.8500   0.8247
     0.7850   0.7654   0.7445   0.7209   0.7149   0.6751   0.6452   0.5540
     0.3842   0.3494   0.2940   0.2468   0.1577   0.1463   0.1366   0.1131
     0.0853   0.0058   0.0035   0.0014   0.0005   0.0001   0.0000   0.0000
     0.0000   0.0000   0.0000   0.0000   0.0000   0.0000   0.0000   0.0000
     0.0000   0.0000   0.0000   0.0000   0.0000   0.0000   0.0000   0.0000
     0.0000   0.0000   0.0000   0.0000   0.0000   0.0000   0.0000

          k = 0.3333-0.1925 0.0000 ( 62607 PWs)   bands (ev):

   -22.0884 -21.3314 -20.9202 -14.9062 -12.5659 -10.7676  -9.1051  -8.2330
    -7.7771  -7.4786  -7.2801  -7.1695  -6.1107  -6.0108  -5.9526  -5.3476
    -5.0687  -5.0465  -4.8934  -4.7295  -4.4591  -4.3596  -4.0387  -4.0058
    -3.7360  -3.6545  -3.6077  -3.5574  -3.5326  -3.4781  -3.4522  -3.4207
    -3.3149  -3.1636  -3.1411  -3.0741  -3.0012  -2.9642  -2.9158  -2.8607
    -2.8506  -2.8323  -2.8122  -2.7394  -2.7240  -2.6828  -2.5988  -2.5364
    -2.5010  -2.4621  -2.4486  -2.4393  -2.4096  -2.3888  -2.3424  -2.3216
    -2.3028  -2.2687  -2.2149  -2.1835  -2.1632  -2.1429  -2.1227  -2.1103
    -2.1024  -2.0829  -2.0652  -2.0275  -2.0128  -1.9792  -1.9660  -1.9187
    -1.9117  -1.9001  -1.8855  -1.8719  -1.8510  -1.8321  -1.7756  -1.7585
    -1.7014  -1.6905  -1.6579  -1.6392  -1.6127  -1.5890  -1.5817  -1.5629
    -1.5137  -1.4971  -1.4552  -1.4354  -1.3655  -1.3413  -1.3195  -1.2492
    -1.2412  -1.2228  -1.2081  -1.1765  -1.1693  -1.1514  -1.1351  -1.1037
    -1.0592  -1.0287  -1.0056  -0.9652  -0.9566  -0.9394  -0.8990  -0.8847
    -0.8794  -0.8503  -0.8240  -0.8101  -0.8025  -0.7707  -0.7483  -0.7340
    -0.7214  -0.6861  -0.6585  -0.6484  -0.6452  -0.6172  -0.5990  -0.5659
    -0.5341  -0.5154  -0.4845  -0.4677  -0.4452  -0.4387  -0.3990  -0.3511
    -0.3107  -0.3023  -0.2922  -0.2607  -0.2414  -0.2305  -0.2087  -0.1924
    -0.1759  -0.1629  -0.1440  -0.1233  -0.1078  -0.0661  -0.0419  -0.0383
    -0.0258  -0.0034   0.0032   0.0125   0.0202   0.0440   0.0655   0.0767
     0.0916   0.1018   0.1227   0.1265   0.1355   0.1451   0.1519   0.1633
     0.1931   0.2046   0.2360   0.2526   0.2533   0.2744   0.2845   0.2889
     0.3118   0.3375   0.3652   0.3925   0.3987   0.4011   0.4183   0.4232
     0.4438   0.4471   0.4511   0.4614   0.4884   0.4966   0.5264   0.5479
     0.5694   0.5866   0.5958   0.6090   0.6136   0.6401   0.6512   0.6948
     0.7791   0.7982   0.8266   0.8566   0.9157   0.9211   0.9317   0.9539
     0.9865   1.2095   1.2466   1.2896   1.3619   1.4509   1.4964   1.6976
     1.8809   1.9323   2.1078   2.4464   2.8287   2.8858   3.0794   3.1621
     3.3551   3.3727   3.4401   3.5504   3.8898   3.9996   4.1321   4.2347
     4.3859   4.7715   4.8067   4.9078   5.0740   5.0976   5.1401

     occupation numbers 
     1.0000   1.0000   1.0000   1.0000   1.0000   1.0000   1.0000   1.0000
     1.0000   1.0000   1.0000   1.0000   1.0000   1.0000   1.0000   1.0000
     1.0000   1.0000   1.0000   1.0000   1.0000   1.0000   1.0000   1.0000
     1.0000   1.0000   1.0000   1.0000   1.0000   1.0000   1.0000   1.0000
     1.0000   1.0000   1.0000   1.0000   1.0000   1.0000   1.0000   1.0000
     1.0000   1.0000   1.0000   1.0000   1.0000   1.0000   1.0000   1.0000
     1.0000   1.0000   1.0000   1.0000   1.0000   1.0000   1.0000   1.0000
     1.0000   1.0000   1.0000   1.0000   1.0000   1.0000   1.0000   1.0000
     1.0000   1.0000   1.0000   1.0000   1.0000   1.0000   1.0000   1.0000
     1.0000   1.0000   1.0000   1.0000   1.0000   1.0000   1.0000   1.0000
     1.0000   1.0000   1.0000   1.0000   1.0000   1.0000   1.0000   1.0000
     1.0000   1.0000   1.0000   1.0000   1.0000   1.0000   1.0000   1.0000
     1.0000   1.0000   1.0000   1.0000   1.0000   1.0000   1.0000   1.0000
     1.0000   1.0000   1.0000   1.0000   1.0000   1.0000   1.0000   1.0000
     1.0000   1.0000   1.0000   1.0000   1.0000   1.0000   1.0000   1.0000
     1.0000   1.0000   1.0000   1.0000   1.0000   1.0000   1.0000   1.0000
     1.0000   1.0000   1.0000   1.0000   1.0000   1.0000   1.0000   1.0000
     1.0000   1.0000   1.0000   1.0000   1.0000   1.0000   1.0000   1.0000
     1.0000   1.0000   1.0000   1.0000   1.0000   1.0000   1.0000   1.0000
     1.0000   0.9999   0.9999   0.9999   0.9999   0.9998   0.9997   0.9996
     0.9995   0.9994   0.9991   0.9990   0.9989   0.9987   0.9985   0.9982
     0.9971   0.9965   0.9943   0.9928   0.9927   0.9902   0.9887   0.9880
     0.9838   0.9775   0.9686   0.9572   0.9542   0.9530   0.9435   0.9406
     0.9268   0.9244   0.9214   0.9133   0.8888   0.8806   0.8469   0.8189
     0.7881   0.7613   0.7461   0.7236   0.7156   0.6671   0.6459   0.5588
     0.3859   0.3484   0.2957   0.2441   0.1586   0.1520   0.1393   0.1153
     0.0856   0.0057   0.0033   0.0016   0.0005   0.0001   0.0000   0.0000
     0.0000   0.0000   0.0000   0.0000   0.0000   0.0000   0.0000   0.0000
     0.0000   0.0000   0.0000   0.0000   0.0000   0.0000   0.0000   0.0000
     0.0000   0.0000   0.0000   0.0000   0.0000   0.0000   0.0000

          k = 0.3333 0.1925 0.0000 ( 62607 PWs)   bands (ev):

   -22.0884 -21.3315 -20.9202 -14.9058 -12.5661 -10.7698  -9.1044  -8.2323
    -7.7819  -7.4755  -7.2842  -7.1634  -6.1332  -6.0253  -5.9420  -5.3461
    -5.0367  -5.0323  -4.9087  -4.7289  -4.4782  -4.3665  -4.0228  -3.9840
    -3.7082  -3.6647  -3.6574  -3.6557  -3.5691  -3.5055  -3.4453  -3.3529
    -3.3306  -3.2535  -3.1245  -3.0002  -2.9859  -2.9476  -2.9187  -2.9076
    -2.8888  -2.8831  -2.8609  -2.8438  -2.8331  -2.7001  -2.4999  -2.4519
    -2.4335  -2.3615  -2.3476  -2.3312  -2.3029  -2.2917  -2.2893  -2.2811
    -2.2645  -2.2575  -2.1890  -2.1704  -2.1331  -2.1131  -2.0990  -2.0821
    -2.0755  -2.0634  -2.0511  -2.0215  -2.0033  -1.9858  -1.9779  -1.9612
    -1.9428  -1.7798  -1.7754  -1.7616  -1.7524  -1.7231  -1.7114  -1.7002
    -1.6559  -1.6394  -1.6210  -1.6121  -1.5933  -1.5494  -1.5346  -1.5290
    -1.5222  -1.4849  -1.4660  -1.4562  -1.4398  -1.4332  -1.4113  -1.3950
    -1.3480  -1.3373  -1.2988  -1.2777  -1.2101  -1.1796  -1.1732  -1.1439
    -1.1339  -1.1209  -1.1063  -1.0965  -1.0719  -1.0453  -0.9735  -0.9564
    -0.8800  -0.8582  -0.8444  -0.8394  -0.8297  -0.8121  -0.7698  -0.7153
    -0.6452  -0.6371  -0.6263  -0.6149  -0.6082  -0.5915  -0.5612  -0.5517
    -0.5219  -0.5048  -0.4862  -0.4756  -0.4560  -0.4478  -0.4316  -0.4153
    -0.4009  -0.3762  -0.3135  -0.3044  -0.2964  -0.2746  -0.2726  -0.2666
    -0.2600  -0.1940  -0.1652  -0.1493  -0.1154  -0.0882  -0.0784  -0.0677
    -0.0468  -0.0358  -0.0292   0.0637   0.0700   0.0825   0.0906   0.0968
     0.1024   0.1222   0.1336   0.1440   0.1581   0.1955   0.2105   0.2217
     0.2343   0.2417   0.2496   0.2736   0.2858   0.3221   0.3294   0.3444
     0.3512   0.3574   0.3764   0.3798   0.3849   0.3896   0.3928   0.4043
     0.4071   0.4144   0.4405   0.4532   0.4736   0.4765   0.5052   0.5223
     0.5355   0.5670   0.6221   0.6450   0.6536   0.6874   0.7033   0.7180
     0.7621   0.7804   0.8168   0.9151   0.9229   0.9335   0.9395   0.9436
     0.9444   0.9765   1.1837   1.4495   1.4537   1.4973   1.5948   1.7131
     1.7367   1.9085   2.1680   2.2498   2.7578   2.8440   3.3192   3.4176
     3.4769   3.4805   3.5163   3.6845   3.8099   4.0460   4.0590   4.0852
     4.6370   4.8098   4.8455   4.9746   5.1350   5.1610   5.2061

     occupation numbers 
     1.0000   1.0000   1.0000   1.0000   1.0000   1.0000   1.0000   1.0000
     1.0000   1.0000   1.0000   1.0000   1.0000   1.0000   1.0000   1.0000
     1.0000   1.0000   1.0000   1.0000   1.0000   1.0000   1.0000   1.0000
     1.0000   1.0000   1.0000   1.0000   1.0000   1.0000   1.0000   1.0000
     1.0000   1.0000   1.0000   1.0000   1.0000   1.0000   1.0000   1.0000
     1.0000   1.0000   1.0000   1.0000   1.0000   1.0000   1.0000   1.0000
     1.0000   1.0000   1.0000   1.0000   1.0000   1.0000   1.0000   1.0000
     1.0000   1.0000   1.0000   1.0000   1.0000   1.0000   1.0000   1.0000
     1.0000   1.0000   1.0000   1.0000   1.0000   1.0000   1.0000   1.0000
     1.0000   1.0000   1.0000   1.0000   1.0000   1.0000   1.0000   1.0000
     1.0000   1.0000   1.0000   1.0000   1.0000   1.0000   1.0000   1.0000
     1.0000   1.0000   1.0000   1.0000   1.0000   1.0000   1.0000   1.0000
     1.0000   1.0000   1.0000   1.0000   1.0000   1.0000   1.0000   1.0000
     1.0000   1.0000   1.0000   1.0000   1.0000   1.0000   1.0000   1.0000
     1.0000   1.0000   1.0000   1.0000   1.0000   1.0000   1.0000   1.0000
     1.0000   1.0000   1.0000   1.0000   1.0000   1.0000   1.0000   1.0000
     1.0000   1.0000   1.0000   1.0000   1.0000   1.0000   1.0000   1.0000
     1.0000   1.0000   1.0000   1.0000   1.0000   1.0000   1.0000   1.0000
     1.0000   1.0000   1.0000   1.0000   1.0000   1.0000   1.0000   1.0000
     1.0000   1.0000   1.0000   0.9997   0.9997   0.9996   0.9995   0.9994
     0.9994   0.9991   0.9989   0.9987   0.9983   0.9970   0.9961   0.9954
     0.9945   0.9938   0.9931   0.9903   0.9885   0.9814   0.9797   0.9755
     0.9734   0.9714   0.9643   0.9629   0.9607   0.9586   0.9571   0.9513
     0.9498   0.9458   0.9292   0.9198   0.9028   0.9001   0.8715   0.8519
     0.8354   0.7916   0.7004   0.6579   0.6414   0.5739   0.5413   0.5109
     0.4200   0.3833   0.3134   0.1594   0.1497   0.1373   0.1306   0.1261
     0.1252   0.0941   0.0084   0.0001   0.0001   0.0000   0.0000   0.0000
     0.0000   0.0000   0.0000   0.0000   0.0000   0.0000   0.0000   0.0000
     0.0000   0.0000   0.0000   0.0000   0.0000   0.0000   0.0000   0.0000
     0.0000   0.0000   0.0000   0.0000   0.0000   0.0000   0.0000

          k = 0.3333-0.5774 0.0000 ( 62568 PWs)   bands (ev):

   -22.0884 -21.3314 -20.9202 -14.9064 -12.5661 -10.7682  -9.1053  -8.2321
    -7.7745  -7.4468  -7.1697  -6.5027  -6.5004  -6.4784  -5.9847  -5.4028
    -5.2531  -5.2360  -5.1307  -4.7181  -4.3638  -3.8765  -3.8275  -3.7472
    -3.6795  -3.6645  -3.6603  -3.5195  -3.4661  -3.3238  -3.2814  -3.2757
    -3.2518  -3.2489  -3.1600  -3.1422  -3.1283  -3.1179  -2.9981  -2.9918
    -2.9365  -2.8863  -2.8181  -2.8022  -2.7485  -2.7403  -2.7027  -2.6505
    -2.6479  -2.6074  -2.5094  -2.4928  -2.4052  -2.3971  -2.3252  -2.2596
    -2.2532  -2.2493  -2.2245  -2.2192  -2.1264  -2.1232  -2.1201  -2.0988
    -2.0245  -1.9948  -1.9793  -1.9615  -1.9351  -1.9301  -1.8851  -1.8493
    -1.7935  -1.7874  -1.7795  -1.7632  -1.7548  -1.7506  -1.7379  -1.7271
    -1.7173  -1.6746  -1.6629  -1.6529  -1.6411  -1.6324  -1.5699  -1.5640
    -1.5194  -1.4204  -1.4045  -1.3935  -1.3581  -1.3337  -1.3263  -1.3130
    -1.3082  -1.3025  -1.2892  -1.2633  -1.2482  -1.2236  -1.2170  -1.1979
    -1.1908  -1.1863  -1.1796  -1.1687  -1.1379  -1.1230  -1.1021  -1.0798
    -1.0652  -0.9759  -0.9171  -0.8574  -0.8313  -0.8270  -0.8083  -0.7897
    -0.7504  -0.6825  -0.6641  -0.6344  -0.6086  -0.5582  -0.5302  -0.5121
    -0.4646  -0.4595  -0.4360  -0.3802  -0.3688  -0.3488  -0.3088  -0.3037
    -0.2918  -0.2816  -0.2680  -0.2616  -0.2519  -0.2437  -0.2398  -0.2305
    -0.2292  -0.2077  -0.1964  -0.1920  -0.1882  -0.1699  -0.1508  -0.1413
    -0.1216  -0.1140  -0.0884  -0.0624  -0.0502  -0.0460  -0.0231   0.0205
     0.0439   0.0806   0.0925   0.1178   0.1279   0.1577   0.1637   0.1729
     0.1788   0.1935   0.2043   0.2238   0.2601   0.2737   0.2807   0.3071
     0.3231   0.3283   0.3349   0.3491   0.3608   0.3869   0.3940   0.4685
     0.4789   0.4804   0.4865   0.5020   0.5367   0.5491   0.5707   0.5838
     0.5862   0.6061   0.6182   0.6953   0.7090   0.7293   0.7311   0.7315
     0.7799   0.8138   0.9059   0.9265   0.9367   0.9458   0.9864   1.0689
     1.5706   1.5748   1.5848   1.8292   1.9016   1.9207   1.9355   1.9786
     2.2590   2.3216   2.8074   2.8151   2.8982   2.9137   3.0015   3.1914
     3.2568   3.4395   3.4579   3.5901   3.6087   3.8276   3.8522   3.9610
     4.1622   4.2257   4.2272   4.3891   4.8899   4.9633   5.0343

     occupation numbers 
     1.0000   1.0000   1.0000   1.0000   1.0000   1.0000   1.0000   1.0000
     1.0000   1.0000   1.0000   1.0000   1.0000   1.0000   1.0000   1.0000
     1.0000   1.0000   1.0000   1.0000   1.0000   1.0000   1.0000   1.0000
     1.0000   1.0000   1.0000   1.0000   1.0000   1.0000   1.0000   1.0000
     1.0000   1.0000   1.0000   1.0000   1.0000   1.0000   1.0000   1.0000
     1.0000   1.0000   1.0000   1.0000   1.0000   1.0000   1.0000   1.0000
     1.0000   1.0000   1.0000   1.0000   1.0000   1.0000   1.0000   1.0000
     1.0000   1.0000   1.0000   1.0000   1.0000   1.0000   1.0000   1.0000
     1.0000   1.0000   1.0000   1.0000   1.0000   1.0000   1.0000   1.0000
     1.0000   1.0000   1.0000   1.0000   1.0000   1.0000   1.0000   1.0000
     1.0000   1.0000   1.0000   1.0000   1.0000   1.0000   1.0000   1.0000
     1.0000   1.0000   1.0000   1.0000   1.0000   1.0000   1.0000   1.0000
     1.0000   1.0000   1.0000   1.0000   1.0000   1.0000   1.0000   1.0000
     1.0000   1.0000   1.0000   1.0000   1.0000   1.0000   1.0000   1.0000
     1.0000   1.0000   1.0000   1.0000   1.0000   1.0000   1.0000   1.0000
     1.0000   1.0000   1.0000   1.0000   1.0000   1.0000   1.0000   1.0000
     1.0000   1.0000   1.0000   1.0000   1.0000   1.0000   1.0000   1.0000
     1.0000   1.0000   1.0000   1.0000   1.0000   1.0000   1.0000   1.0000
     1.0000   1.0000   1.0000   1.0000   1.0000   1.0000   1.0000   1.0000
     1.0000   1.0000   1.0000   1.0000   1.0000   1.0000   0.9999   0.9999
     0.9998   0.9996   0.9995   0.9992   0.9990   0.9984   0.9982   0.9979
     0.9977   0.9970   0.9965   0.9953   0.9920   0.9903   0.9893   0.9847
     0.9812   0.9799   0.9782   0.9741   0.9702   0.9598   0.9565   0.9073
     0.8979   0.8965   0.8907   0.8749   0.8339   0.8173   0.7861   0.7656
     0.7618   0.7287   0.7075   0.5578   0.5296   0.4874   0.4837   0.4829
     0.3843   0.3190   0.1713   0.1454   0.1336   0.1237   0.0857   0.0362
     0.0000   0.0000   0.0000   0.0000   0.0000   0.0000   0.0000   0.0000
     0.0000   0.0000   0.0000   0.0000   0.0000   0.0000   0.0000   0.0000
     0.0000   0.0000   0.0000   0.0000   0.0000   0.0000   0.0000   0.0000
     0.0000   0.0000   0.0000   0.0000   0.0000   0.0000   0.0000

     the Fermi energy is     0.7232 ev

!    total energy              =   -3764.24221682 Ry
     estimated scf accuracy    <       0.00000002 Ry
     smearing contrib. (-TS)   =      -0.21732696 Ry
     internal energy E=F+TS    =   -3764.02488987 Ry

     The total energy is F=E-TS. E is the sum of the following terms:
     one-electron contribution =  -58279.04524247 Ry
     hartree contribution      =   29532.60985296 Ry
     xc contribution           =   -1544.20321325 Ry
     ewald contribution        =   26527.34044245 Ry
     DFT-D3 Dispersion         =      -0.72672956 Ry

     convergence has been achieved in  34 iterations
