ATOMIC_POSITIONS (angstrom)
O                3.2889969833        2.1163359692       25.1181921523
H                5.1089014976        2.7326689925       25.9398052774
H                3.7125326505        3.7974268839       26.2333625782
C                4.0236414467        2.7384385466       26.1565325346
O                4.2422085760        0.6733457780       27.4654734986
H                5.2115910200        0.7105276830       27.3722209745
C                3.7418463705        2.0134991455       27.4758103645
H                2.6500474602        1.9005258826       27.5796100195
C                4.2572612264        2.8331373859       28.6550469874
H                3.9201719680        3.8795914486       28.5378206061
H                5.3662061040        2.8307788582       28.6470925663
O                3.7487579046        2.2648566352       29.8636568251
H                4.0886744650        2.7867232058       30.6082377796