&CONTROL
 calculation = 'scf'
 forc_conv_thr = 8.0d-4
 nstep = 150
 outdir = './output/'
 prefix = 'NiCu_glycerol_ads'
 pseudo_dir = '/home/node1/PSP/PseudosP/pslibrary-master/pbe/PSEUDOPOTENTIALS/'
 restart_mode = 'from_scratch'
 tprnfor = .true.
 verbosity = 'high'
 wf_collect = .true.
/

&SYSTEM
 ibrav = 0
 nat = 86
 ntyp = 5

 ecutwfc = 50
 ecutrho = 400

 occupations = 'smearing'
 degauss = 0.02

 nspin = 1


 nosym = .true.
 noinv = .false.
 noncolin = .false.

 vdw_corr = 'grimme-d3'
/

&ELECTRONS
 conv_thr = 1.0d-8
 electron_maxstep = 150
 mixing_beta = 0.04
 mixing_mode = 'plain'
 scf_must_converge = .true.
 startingwfc = 'random'
/


ATOMIC_SPECIES
Ni 58.7    Ni.pbe-n-rrkjus_psl.1.0.0.UPF
Cu 63.546  Cu.pbe-dn-rrkjus_psl.1.0.0.UPF
O  15.9994 O.pbe-n-rrkjus_psl.1.0.0.UPF
C  12.011  C.pbe-n-rrkjus_psl.1.0.0.UPF
H  1.00797 H.pbe-rrkjus_psl.1.0.0.UPF

K_POINTS automatic
3 3 1 0 0 0

CELL_PARAMETERS {angstrom}
7.3718978737 0.0000000000 0.0000000000
3.6859489368 6.3842478561 0.0000000000
0.0000000000 0.0000000000 42.0446350000

ATOMIC_POSITIONS {angstrom}
Ni               0.0000000000        0.0000000000       10.0000000900    0   0   0
Ni               8.6005476670        2.1280836470       10.0000000900    0   0   0
Ni               9.8291973330        4.2561672950       10.0000000900    0   0   0
Ni               2.4572993330        0.0000000000       10.0000000900    0   0   0
Ni               3.6859490000        2.1280836470       10.0000000900    0   0   0
Ni               4.9145986670        4.2561672950       10.0000000900    0   0   0
Ni               4.9145986670        0.0000000000       10.0000000900    0   0   0
Ni               6.1432483330        2.1280836470       10.0000000900    0   0   0
Ni               7.3718980000        4.2561672950       10.0000000900    0   0   0
Ni               1.6381995390        1.4187224170       12.0063763950    0   0   0
Ni               2.8668492300        3.5468061070       12.0063763950    0   0   0
Ni               4.0954988850        5.6748897330       12.0063763950    0   0   0
Ni               4.0954988480        1.4187224170       12.0063763950    0   0   0
Ni               5.3241485390        3.5468061070       12.0063763950    0   0   0
Ni               6.5527981940        5.6748897330       12.0063763950    0   0   0
Ni               6.5527982300        1.4187224170       12.0063763950    0   0   0
Ni               7.7814479220        3.5468061070       12.0063763950    0   0   0
Ni               9.0100975760        5.6748897330       12.0063763950    0   0   0
Ni               2.0477494240        0.7093612090       14.0127530410    0   0   0
Ni               3.2763990780        2.8374448350       14.0127530410    0   0   0
Ni               4.5050487700        4.9655285250       14.0127530410    0   0   0
Ni               4.5050488060        0.7093612090       14.0127530410    0   0   0
Ni               5.7336984610        2.8374448350       14.0127530410    0   0   0
Ni               6.9623481520        4.9655285250       14.0127530410    0   0   0
Ni               6.9623481150        0.7093612090       14.0127530410    0   0   0
Ni               8.1909977700        2.8374448350       14.0127530410    0   0   0
Ni               9.4196474610        4.9655285250       14.0127530410    0   0   0
Ni               0.2219535440       -0.3844348150       16.0346322610    0   0   0
Ni               8.8225203380        1.7436790770       16.0347677870    0   0   0
Ni              10.0511134640        3.8717235960       16.0347600380    0   0   0
Ni               2.6792792770       -0.3844068560       16.0347600380    0   0   0
Ni               3.9079067200        1.7436614180       16.0347555120    0   0   0
Ni               5.1365311080        3.8717690310       16.0346226390    0   0   0
Ni               5.1365164550       -0.3844362570       16.0347677870    0   0   0
Ni               6.3652073280        1.7436393910       16.0346221070    0   0   0
Ni               7.5938385560        3.8717351570       16.0347555120    0   0   0
Cu               2.0723744710        0.6666908500       18.1188401140    0   0   0
Cu               3.3010364020        2.7947772280       18.1188294380    0   0   0
Cu               4.5296848840        4.9228575240       18.1186684400    0   0   0
Cu               4.5296771200        0.6666970110       18.1188367610    0   0   0
Cu               5.7583325920        2.7947772670       18.1186160231    0   0   0
Cu               6.9869807220        4.9228581720       18.1188294380    0   0   0
Cu               6.9869802900        0.6666970300       18.1186522440    0   0   0
Cu               8.2156318920        2.7947839910       18.1188367610    0   0   0
Cu               9.4442885520        4.9228674280       18.1188401140    0   0   0
Cu               2.0477494240        0.7093612090       20.5305373300    0   0   0
Cu               3.2763990780        2.8374448350       20.5305290830    0   0   0
Cu               4.5050487700        4.9655285250       20.5303270790    0   0   0
Cu               4.5050488060        0.7093612090       20.5305312910    0   0   0
Cu               5.7336984610        2.8374448350       20.5302848030    0   0   0
Cu               6.9623481520        4.9655285250       20.5305290830    0   0   0
Cu               6.9623481150        0.7093612090       20.5303102470    0   0   0
Cu               8.1909977700        2.8374448350       20.5305312910    0   0   0
Cu               9.4196474610        4.9655285250       20.5305373300    0   0   0
Cu               0.1996576410       -0.3458171780       22.6496925520    0   0   0
Cu               8.8002014820        1.7822648550       22.6499310210    0   0   0
Cu              10.0288585330        3.9103492740       22.6499306530    0   0   0
Cu               2.6569559250       -0.3458206820       22.6499306530    0   0   0
Cu               3.8856048760        1.7822645930       22.6499270560    0   0   0
Cu               5.1142599260        3.9103438500       22.6496806750    0   0   0
Cu               5.1142596180       -0.3458146710       22.6499310210    0   0   0
Cu               6.3429051830        1.7822678380       22.6496760870    0   0   0
Cu               7.5715581480        3.9103507070       22.6499270560    0   0   0
Cu               2.6524261383        1.0749810650       24.7134400061
Cu               3.8654686784        3.2020769177       24.6827200596
Cu               5.1016468115        5.3484872392       24.6771857254
Cu               5.1044624853        1.0587183639       24.6813692527
Cu               6.3354633775        3.2037520915       24.7676294657
Cu               7.5757945102        5.3444338056       24.6661196567
Cu               7.5761670805        1.0630384420       24.6872350536
Cu               8.8092800531        3.2003494301       24.6807666212
Cu              10.0262111768        5.3311704012       24.7284661671
O                7.2708774483        2.4997459988       29.3045030190
O                6.2225694326        3.1760061413       26.8663501947
O                7.3171242755        4.6930906152       31.2986037430
C                6.8549208436        3.8646862842       29.0978130519
C                6.9307101588        4.1944519363       27.6128619005
C                7.6445948464        4.8693222432       29.9203075424
H                5.8032280737        3.8844496005       29.4255977752
H                7.9773759628        4.2499158558       27.2590086779
H                6.4403516925        5.1456774878       27.3621754038
H                7.3934000128        5.8879718086       29.5721890596
H                8.7277685396        4.7165736663       29.7380901087
H                8.2443423178        2.4699236181       29.2619227841
H                6.5457159378        2.3051070894       27.1853499058
H                7.8464740155        5.3153735268       31.8232721417