     1.0000   1.0000   1.0000   1.0000   1.0000   1.0000   1.0000   1.0000
     1.0000   1.0000   1.0000   1.0000   1.0000   1.0000   1.0000   1.0000
     1.0000   1.0000   1.0000   1.0000   1.0000   1.0000   1.0000   1.0000
     1.0000   1.0000   1.0000   1.0000   1.0000   1.0000   1.0000   1.0000
     1.0000   1.0000   1.0000   1.0000   1.0000   1.0000   1.0000   1.0000
     1.0000   1.0000   1.0000   1.0000   1.0000   1.0000   1.0000   1.0000
     1.0000   1.0000   1.0000   1.0000   1.0000   1.0000   1.0000   1.0000
     1.0000   1.0000   1.0000   1.0000   1.0000   1.0000   1.0000   1.0000
     1.0000   1.0000   1.0000   1.0000   1.0000   1.0000   1.0000   1.0000
     1.0000   1.0000   1.0000   1.0000   1.0000   1.0000   1.0000   1.0000
     1.0000   1.0000   1.0000   1.0000   1.0000   1.0000   1.0000   1.0000
     1.0000   1.0000   1.0000   1.0000   1.0000   1.0000   1.0000   1.0000
     1.0000   1.0000   1.0000   1.0000   1.0000   1.0000   1.0000   1.0000
     1.0000   1.0000   1.0000   1.0000   1.0000   1.0000   1.0000   1.0000
     1.0000   1.0000   1.0000   1.0000   1.0000   1.0000   1.0000   1.0000
     1.0000   1.0000   1.0000   1.0000   1.0000   1.0000   1.0000   1.0000
     1.0000   1.0000   1.0000   1.0000   1.0000   1.0000   1.0000   1.0000
     1.0000   1.0000   1.0000   1.0000   1.0000   1.0000   1.0000   1.0000
     1.0000   1.0000   1.0000   1.0000   1.0000   1.0000   1.0000   1.0000
     1.0000   1.0000   1.0000   1.0000   1.0000   1.0000   1.0000   1.0000
     1.0000   1.0000   1.0000   1.0000   1.0000   1.0000   1.0000   1.0000
     1.0000   1.0000   1.0000   1.0000   1.0000   1.0000   1.0000   1.0000
     1.0000   1.0000   1.0000   1.0000   1.0000   1.0000   1.0000   1.0000
     1.0000   1.0000   1.0000   1.0000   1.0000   1.0000   1.0000   1.0000
     1.0000   1.0000   1.0000   1.0000   1.0000   1.0000   1.0000   1.0000
     1.0000   1.0000   1.0000   1.0000   1.0000   1.0000   1.0000   1.0000
     1.0000   1.0000   1.0000   1.0000   1.0000   1.0000   1.0000   1.0000
     1.0000   1.0000   1.0000   1.0000   1.0000   1.0000   1.0000   1.0000
     1.0000   1.0000   1.0000   1.0000   1.0000   1.0000   1.0000   1.0000
     1.0000   1.0000   1.0000   1.0000   1.0000   1.0000   1.0000   1.0000
     1.0000   1.0000   1.0000   0.9999   0.9999   0.9998   0.9998   0.9998
     0.9996   0.9996   0.9994   0.9994   0.9991   0.9990   0.9983   0.9977
     0.9976   0.9972   0.9953   0.9933   0.9927   0.9914   0.9891   0.9858
     0.9813   0.9795   0.9785   0.9743   0.9708   0.9693   0.9666   0.9644
     0.9627   0.9590   0.9545   0.9318   0.9227   0.9114   0.8983   0.8889
     0.8682   0.8654   0.8599   0.8306   0.7707   0.7526   0.6666   0.6268
     0.6117   0.6111   0.5823   0.4649   0.4378   0.4144   0.4081   0.3632
     0.2024   0.1897   0.1722   0.0848   0.0444   0.0111   0.0072   0.0018
     0.0016   0.0010   0.0001   0.0000   0.0000   0.0000   0.0000   0.0000
     0.0000   0.0000   0.0000   0.0000   0.0000   0.0000   0.0000   0.0000
     0.0000   0.0000   0.0000   0.0000   0.0000   0.0000   0.0000   0.0000
     0.0000   0.0000   0.0000   0.0000   0.0000   0.0000   0.0000   0.0000
     0.0000   0.0000   0.0000   0.0000   0.0000   0.0000   0.0000   0.0000
     0.0000   0.0000   0.0000   0.0000   0.0000   0.0000   0.0000   0.0000
     0.0000   0.0000   0.0000   0.0000   0.0000   0.0000   0.0000   0.0000
     0.0000   0.0000   0.0000   0.0000   0.0000   0.0000

          k = 0.3333-0.5774 0.0000 ( 79572 PWs)   bands (ev):

    -6.1715  -6.1715  -6.1581  -5.3247  -5.3247  -5.3136  -4.8096  -4.8095
    -4.7977  -3.9877  -3.9877  -3.9596  -3.3318  -3.3318  -3.3065  -3.2273
    -3.2273  -3.1558  -2.9938  -2.9295  -2.9295  -2.8718  -2.8235  -2.8235
    -2.8010  -2.8010  -2.7593  -2.5652  -2.5652  -2.5263  -2.5263  -2.5197
    -2.4585  -2.4506  -2.4261  -2.4261  -2.3674  -2.3674  -2.3599  -2.2939
    -2.2900  -2.2559  -2.2559  -2.2323  -2.2323  -2.1910  -2.1910  -2.0860
    -2.0713  -2.0713  -2.0632  -1.9777  -1.9488  -1.9488  -1.9305  -1.8557
    -1.8336  -1.8336  -1.8293  -1.7884  -1.7884  -1.7845  -1.7845  -1.7621
    -1.7620  -1.7595  -1.7592  -1.7592  -1.7011  -1.6760  -1.6511  -1.6511
    -1.6325  -1.6308  -1.6308  -1.6077  -1.5848  -1.5848  -1.5613  -1.5600
    -1.5600  -1.5443  -1.5443  -1.5149  -1.4867  -1.4867  -1.4405  -1.4405
    -1.3979  -1.3859  -1.3706  -1.3706  -1.3632  -1.3627  -1.3537  -1.3537
    -1.3110  -1.3110  -1.2742  -1.2592  -1.2592  -1.2165  -1.1792  -1.1698
    -1.1698  -1.1571  -1.1089  -1.1061  -1.1061  -1.0908  -1.0908  -1.0783
    -1.0783  -1.0640  -1.0367  -1.0145  -1.0145  -0.9495  -0.8991  -0.8991
    -0.8962  -0.8962  -0.8879  -0.8755  -0.8755  -0.8463  -0.8120  -0.7974
    -0.7839  -0.7839  -0.7600  -0.7600  -0.7359  -0.7359  -0.6939  -0.6652
    -0.6647  -0.6589  -0.6248  -0.6248  -0.6239  -0.6239  -0.6193  -0.6063
    -0.6063  -0.5930  -0.5719  -0.5551  -0.5551  -0.5442  -0.5442  -0.5211
    -0.5211  -0.5190  -0.5190  -0.4436  -0.4366  -0.4294  -0.4184  -0.3896
    -0.3896  -0.3895  -0.3895  -0.3888  -0.3888  -0.3406  -0.3138  -0.3138
    -0.2965  -0.2856  -0.2855  -0.2523  -0.2523  -0.2120  -0.2077  -0.1489
    -0.1489  -0.1307  -0.1307  -0.0963  -0.0963  -0.0948  -0.0766  -0.0766
    -0.0507  -0.0456  -0.0456  -0.0439  -0.0213  -0.0212  -0.0047   0.0081
     0.0153   0.0153   0.0234   0.0454   0.0543   0.0770   0.0770   0.1196
     0.1262   0.1262   0.1289   0.1344   0.1489   0.1489   0.1558   0.1558
     0.1758   0.1803   0.1995   0.1999   0.1999   0.2155   0.2155   0.2462
     0.2463   0.2463   0.2633   0.2633   0.2810   0.2964   0.2964   0.3348
     0.3348   0.3440   0.3440   0.3707   0.4043   0.4057   0.4395   0.4395
     0.4414   0.4551   0.4551   0.4646   0.4646   0.4718   0.4718   0.4762
     0.5087   0.5087   0.5124   0.5509   0.5509   0.5630   0.5738   0.5738
     0.5844   0.5844   0.5945   0.6181   0.6196   0.6298   0.6298   0.6325
     0.6325   0.6572   0.6572   0.6882   0.6975   0.7022   0.7220   0.7220
     0.7383   0.7383   0.7491   0.7491   0.7528   0.7610   0.7707   0.8141
     0.8141   0.8254   0.8254   0.8536   0.8763   0.9239   0.9239   0.9381
     0.9629   0.9629   0.9935   0.9935   1.0027   1.0273   1.0537   1.0623
     1.0623   1.1205   1.1205   1.2085   1.2119   1.2119   1.2262   1.3308
     1.3516   1.3516   1.3655   1.3655   1.3817   1.3989   1.4175   1.4175
     1.4354   1.4354   1.4441   1.4441   1.4442   1.4530   1.4860   1.4860
     1.5047   1.5047   1.5406   1.5500   1.5653   1.5653   1.5687   1.5766
     1.5868   1.5868   1.6759   1.6759   1.6952   1.6964   1.6964   1.7154
     1.7181   1.7765   1.7765   1.7781   1.7781   1.7883   1.7883   1.8190
     1.8190   1.8259   1.8872   1.9004   1.9004   1.9513   1.9794   1.9794
     1.9931   2.0397   2.0397   2.0561   2.0672   2.0807   2.0807   2.0823
     2.0823   2.1298   2.1304   2.1615   2.1615   2.2402   2.2531   2.2531
     2.2617   2.2843   2.2843   2.2970   2.3100   2.3331   2.3331   2.3734
     2.3734   2.3808   2.4179   2.4179   2.4513   2.4527   2.4527   2.5044
     2.5044   2.5824   2.5931   2.7348   2.7684   2.7684   2.7835   2.7835
     2.9203   3.1119   3.1119   3.1781   3.1781   3.2039   3.2182   3.2182
     3.3937   3.4372   3.4372   3.4721   3.7267   3.8288   3.8288   3.9151
     3.9303   3.9303   3.9838   3.9838   4.2238   4.2238   4.2323   4.3790
     4.6273   4.6273   4.7751   4.7751   4.8595   4.8595   4.9925   5.0075
     5.0075   5.2558   5.2558   5.2868   5.3520   5.6672   5.6672   5.9279
     5.9958   5.9958   6.1570   6.1570   6.3313   6.4441   6.4588   7.3582
     7.5158   7.5158   7.6205   7.6205   7.6730   7.7587   7.8159   7.8203
     7.8203   7.8254   8.0304   8.0304   8.0323   8.1842   8.2456   8.2457
     8.2488   8.4509   8.4509   8.4561   8.5331   8.5331

     occupation numbers 
     1.0000   1.0000   1.0000   1.0000   1.0000   1.0000   1.0000   1.0000
     1.0000   1.0000   1.0000   1.0000   1.0000   1.0000   1.0000   1.0000
     1.0000   1.0000   1.0000   1.0000   1.0000   1.0000   1.0000   1.0000
     1.0000   1.0000   1.0000   1.0000   1.0000   1.0000   1.0000   1.0000
     1.0000   1.0000   1.0000   1.0000   1.0000   1.0000   1.0000   1.0000
     1.0000   1.0000   1.0000   1.0000   1.0000   1.0000   1.0000   1.0000
     1.0000   1.0000   1.0000   1.0000   1.0000   1.0000   1.0000   1.0000
     1.0000   1.0000   1.0000   1.0000   1.0000   1.0000   1.0000   1.0000
     1.0000   1.0000   1.0000   1.0000   1.0000   1.0000   1.0000   1.0000
     1.0000   1.0000   1.0000   1.0000   1.0000   1.0000   1.0000   1.0000
     1.0000   1.0000   1.0000   1.0000   1.0000   1.0000   1.0000   1.0000
     1.0000   1.0000   1.0000   1.0000   1.0000   1.0000   1.0000   1.0000
     1.0000   1.0000   1.0000   1.0000   1.0000   1.0000   1.0000   1.0000
     1.0000   1.0000   1.0000   1.0000   1.0000   1.0000   1.0000   1.0000
     1.0000   1.0000   1.0000   1.0000   1.0000   1.0000   1.0000   1.0000
     1.0000   1.0000   1.0000   1.0000   1.0000   1.0000   1.0000   1.0000
     1.0000   1.0000   1.0000   1.0000   1.0000   1.0000   1.0000   1.0000
     1.0000   1.0000   1.0000   1.0000   1.0000   1.0000   1.0000   1.0000
     1.0000   1.0000   1.0000   1.0000   1.0000   1.0000   1.0000   1.0000
     1.0000   1.0000   1.0000   1.0000   1.0000   1.0000   1.0000   1.0000
     1.0000   1.0000   1.0000   1.0000   1.0000   1.0000   1.0000   1.0000
     1.0000   1.0000   1.0000   1.0000   1.0000   1.0000   1.0000   1.0000
     1.0000   1.0000   1.0000   1.0000   1.0000   1.0000   1.0000   1.0000
     1.0000   1.0000   1.0000   1.0000   1.0000   1.0000   1.0000   1.0000
     1.0000   1.0000   1.0000   1.0000   1.0000   1.0000   1.0000   1.0000
     1.0000   1.0000   1.0000   1.0000   1.0000   1.0000   1.0000   1.0000
     1.0000   1.0000   1.0000   1.0000   1.0000   1.0000   1.0000   1.0000
     1.0000   1.0000   1.0000   1.0000   1.0000   1.0000   1.0000   1.0000
     1.0000   1.0000   1.0000   1.0000   1.0000   1.0000   1.0000   1.0000
     1.0000   1.0000   1.0000   1.0000   1.0000   1.0000   1.0000   1.0000
     1.0000   1.0000   1.0000   1.0000   1.0000   1.0000   1.0000   1.0000
     1.0000   1.0000   1.0000   1.0000   1.0000   1.0000   1.0000   1.0000
     1.0000   1.0000   1.0000   1.0000   1.0000   1.0000   1.0000   1.0000
     1.0000   1.0000   1.0000   1.0000   1.0000   1.0000   1.0000   1.0000
     1.0000   1.0000   1.0000   1.0000   1.0000   1.0000   1.0000   1.0000
     1.0000   1.0000   1.0000   1.0000   1.0000   1.0000   1.0000   1.0000
     1.0000   1.0000   1.0000   1.0000   1.0000   1.0000   1.0000   1.0000
     1.0000   1.0000   1.0000   1.0000   1.0000   1.0000   1.0000   1.0000
     1.0000   1.0000   1.0000   1.0000   1.0000   1.0000   1.0000   1.0000
     1.0000   1.0000   1.0000   1.0000   1.0000   1.0000   1.0000   1.0000
     1.0000   1.0000   1.0000   1.0000   1.0000   1.0000   1.0000   1.0000
     1.0000   0.9999   0.9999   0.9999   0.9999   0.9999   0.9999   0.9999
     0.9999   0.9999   0.9995   0.9994   0.9994   0.9985   0.9977   0.9977
     0.9971   0.9940   0.9940   0.9924   0.9911   0.9893   0.9893   0.9891
     0.9891   0.9796   0.9795   0.9700   0.9700   0.9295   0.9200   0.9200
     0.9131   0.8930   0.8930   0.8804   0.8664   0.8387   0.8387   0.7823
     0.7822   0.7708   0.7084   0.7084   0.6461   0.6435   0.6435   0.5395
     0.5394   0.3795   0.3586   0.1360   0.1014   0.1014   0.0883   0.0883
     0.0196   0.0011   0.0011   0.0003   0.0003   0.0002   0.0002   0.0002
     0.0000   0.0000   0.0000   0.0000   0.0000   0.0000   0.0000   0.0000
     0.0000   0.0000   0.0000   0.0000   0.0000   0.0000   0.0000   0.0000
     0.0000   0.0000   0.0000   0.0000   0.0000   0.0000   0.0000   0.0000
     0.0000   0.0000   0.0000   0.0000   0.0000   0.0000   0.0000   0.0000
     0.0000   0.0000   0.0000   0.0000   0.0000   0.0000   0.0000   0.0000
     0.0000   0.0000   0.0000   0.0000   0.0000   0.0000   0.0000   0.0000
     0.0000   0.0000   0.0000   0.0000   0.0000   0.0000   0.0000   0.0000
     0.0000   0.0000   0.0000   0.0000   0.0000   0.0000

          k = 0.3333 0.1925 0.0000 ( 79719 PWs)   bands (ev):

    -6.9884  -6.1255  -5.7997  -5.5896  -4.9621  -4.6973  -4.6892  -4.6892
    -4.4585  -3.9419  -3.9419  -3.8550  -3.6949  -3.4817  -3.4817  -3.2994
    -3.2795  -3.2795  -3.0592  -3.0266  -2.9380  -2.9380  -2.9241  -2.9241
    -2.8441  -2.6966  -2.6887  -2.6413  -2.6413  -2.5778  -2.5778  -2.5453
    -2.5211  -2.5211  -2.5193  -2.4248  -2.4248  -2.3710  -2.3500  -2.3500
    -2.2176  -2.1627  -2.1627  -2.1422  -2.1115  -2.1115  -2.1016  -2.0511
    -2.0511  -2.0359  -2.0359  -2.0319  -2.0319  -1.9634  -1.9634  -1.9454
    -1.9198  -1.9198  -1.8605  -1.8605  -1.8154  -1.7907  -1.7183  -1.7183
    -1.7029  -1.7025  -1.6892  -1.6892  -1.6714  -1.6714  -1.6554  -1.6554
    -1.6494  -1.6345  -1.6345  -1.6151  -1.5266  -1.5187  -1.5187  -1.5148
    -1.5148  -1.5116  -1.5031  -1.5031  -1.4485  -1.4485  -1.4371  -1.4371
    -1.4214  -1.4017  -1.4017  -1.3568  -1.3568  -1.3249  -1.3185  -1.3185
    -1.2948  -1.2948  -1.2834  -1.2592  -1.2592  -1.2348  -1.2348  -1.1876
    -1.1876  -1.1755  -1.1447  -1.1074  -1.1074  -1.0934  -1.0826  -1.0058
    -1.0054  -1.0054  -0.9806  -0.9324  -0.9324  -0.9095  -0.9095  -0.9090
    -0.8968  -0.8968  -0.8783  -0.8716  -0.8716  -0.8205  -0.7959  -0.7959
    -0.7861  -0.7861  -0.7694  -0.7694  -0.6991  -0.6411  -0.6411  -0.6384
    -0.6384  -0.6377  -0.6125  -0.6125  -0.6017  -0.5839  -0.5839  -0.5791
    -0.5791  -0.5470  -0.5339  -0.5177  -0.5177  -0.4893  -0.4848  -0.4848
    -0.4817  -0.4759  -0.4759  -0.4641  -0.4174  -0.3874  -0.3667  -0.3667
    -0.3453  -0.3453  -0.3424  -0.3405  -0.3335  -0.3335  -0.2933  -0.2831
    -0.2831  -0.2117  -0.2117  -0.2075  -0.1878  -0.1878  -0.1808  -0.1808
    -0.1766  -0.1370  -0.1370  -0.1175  -0.0936  -0.0904  -0.0854  -0.0854
    -0.0838  -0.0838  -0.0441  -0.0441  -0.0052   0.0020   0.0054   0.0075
     0.0075   0.0120   0.0120   0.0377   0.0583   0.0583   0.0617   0.0653
     0.0904   0.0904   0.0959   0.0959   0.1080   0.1212   0.1212   0.1531
     0.1572   0.1721   0.1963   0.1963   0.2019   0.2185   0.2185   0.2419
     0.2419   0.2518   0.2774   0.3025   0.3113   0.3113   0.3120   0.3135
     0.3388   0.3388   0.3604   0.3604   0.3770   0.3770   0.3936   0.3936
     0.4438   0.4492   0.4492   0.4668   0.4668   0.4705   0.4705   0.4712
     0.5119   0.5377   0.5377   0.5670   0.5703   0.5775   0.5775   0.5942
     0.6019   0.6019   0.6032   0.6032   0.6175   0.6231   0.6261   0.6261
     0.6793   0.6822   0.6822   0.6824   0.6824   0.7209   0.7377   0.7377
     0.7614   0.7614   0.7723   0.7750   0.7889   0.8000   0.8100   0.8157
     0.8498   0.8498   0.8587   0.8696   0.9273   0.9273   0.9313   0.9349
     0.9349   0.9573   0.9600   0.9625   1.0450   1.0450   1.0561   1.0561
     1.0831   1.1571   1.1571   1.1601   1.1746   1.1887   1.1971   1.1971
     1.1976   1.1982   1.2693   1.2693   1.2775   1.2775   1.3284   1.3284
     1.3544   1.3801   1.3801   1.3839   1.4145   1.4145   1.4472   1.4472
     1.4804   1.5077   1.5267   1.5267   1.5585   1.5634   1.5645   1.5694
     1.5694   1.6004   1.6604   1.6819   1.6819   1.6872   1.7059   1.7059
     1.7086   1.7570   1.7596   1.7596   1.7688   1.7725   1.7725   1.7836
     1.8977   1.8977   1.8986   1.8986   1.9100   1.9100   1.9610   1.9610
     1.9896   2.0206   2.0206   2.0236   2.0384   2.0384   2.0509   2.0802
     2.0806   2.0806   2.0855   2.1277   2.1734   2.1734   2.2005   2.2005
     2.2011   2.2173   2.2173   2.2232   2.2232   2.2338   2.2995   2.2995
     2.3493   2.3628   2.3672   2.3672   2.3771   2.3878   2.3878   2.4156
     2.4835   2.5208   2.5208   2.5365   2.5932   2.6162   2.6162   2.6944
     2.7594   2.7594   2.7644   2.8164   2.8164   2.8709   3.0313   3.0816
     3.0816   3.2899   3.3190   3.3190   3.4911   3.4911   3.5966   3.6212
     3.6212   3.7375   3.7375   3.9216   4.2979   4.3472   4.3472   4.7264
     4.7264   4.7756   4.7756   4.8778   5.1100   5.1100   5.3301   5.4524
     5.4524   5.9520   5.9666   5.9666   6.0580   6.0580   6.0757   6.0757
     6.6126   6.6954   6.6954   7.0476   7.0991   7.2107   7.2107   7.2328
     7.2426   7.2426   7.3744   7.4375   7.5254   7.5254   7.7147   8.1113
     8.1113   8.1334   8.1814   8.1936   8.3120   8.3120   8.3393   8.4236
     8.5280   8.5718   8.5718   8.6444   8.6652   8.8013

     occupation numbers 
     1.0000   1.0000   1.0000   1.0000   1.0000   1.0000   1.0000   1.0000
     1.0000   1.0000   1.0000   1.0000   1.0000   1.0000   1.0000   1.0000
     1.0000   1.0000   1.0000   1.0000   1.0000   1.0000   1.0000   1.0000
     1.0000   1.0000   1.0000   1.0000   1.0000   1.0000   1.0000   1.0000
     1.0000   1.0000   1.0000   1.0000   1.0000   1.0000   1.0000   1.0000
     1.0000   1.0000   1.0000   1.0000   1.0000   1.0000   1.0000   1.0000
     1.0000   1.0000   1.0000   1.0000   1.0000   1.0000   1.0000   1.0000
     1.0000   1.0000   1.0000   1.0000   1.0000   1.0000   1.0000   1.0000
     1.0000   1.0000   1.0000   1.0000   1.0000   1.0000   1.0000   1.0000
     1.0000   1.0000   1.0000   1.0000   1.0000   1.0000   1.0000   1.0000
     1.0000   1.0000   1.0000   1.0000   1.0000   1.0000   1.0000   1.0000
     1.0000   1.0000   1.0000   1.0000   1.0000   1.0000   1.0000   1.0000
     1.0000   1.0000   1.0000   1.0000   1.0000   1.0000   1.0000   1.0000
     1.0000   1.0000   1.0000   1.0000   1.0000   1.0000   1.0000   1.0000
     1.0000   1.0000   1.0000   1.0000   1.0000   1.0000   1.0000   1.0000
     1.0000   1.0000   1.0000   1.0000   1.0000   1.0000   1.0000   1.0000
     1.0000   1.0000   1.0000   1.0000   1.0000   1.0000   1.0000   1.0000
     1.0000   1.0000   1.0000   1.0000   1.0000   1.0000   1.0000   1.0000
     1.0000   1.0000   1.0000   1.0000   1.0000   1.0000   1.0000   1.0000
     1.0000   1.0000   1.0000   1.0000   1.0000   1.0000   1.0000   1.0000
     1.0000   1.0000   1.0000   1.0000   1.0000   1.0000   1.0000   1.0000
     1.0000   1.0000   1.0000   1.0000   1.0000   1.0000   1.0000   1.0000
     1.0000   1.0000   1.0000   1.0000   1.0000   1.0000   1.0000   1.0000
     1.0000   1.0000   1.0000   1.0000   1.0000   1.0000   1.0000   1.0000
     1.0000   1.0000   1.0000   1.0000   1.0000   1.0000   1.0000   1.0000
     1.0000   1.0000   1.0000   1.0000   1.0000   1.0000   1.0000   1.0000
     1.0000   1.0000   1.0000   1.0000   1.0000   1.0000   1.0000   1.0000
     1.0000   1.0000   1.0000   1.0000   1.0000   1.0000   1.0000   1.0000
     1.0000   1.0000   1.0000   1.0000   1.0000   1.0000   1.0000   1.0000
     1.0000   1.0000   1.0000   1.0000   1.0000   1.0000   1.0000   1.0000
     1.0000   1.0000   1.0000   1.0000   1.0000   1.0000   1.0000   1.0000
     1.0000   1.0000   1.0000   1.0000   1.0000   1.0000   1.0000   1.0000
     1.0000   1.0000   1.0000   1.0000   1.0000   1.0000   1.0000   1.0000
     1.0000   1.0000   1.0000   1.0000   1.0000   1.0000   1.0000   1.0000
     1.0000   1.0000   1.0000   1.0000   1.0000   1.0000   1.0000   1.0000
     1.0000   1.0000   1.0000   1.0000   1.0000   1.0000   1.0000   1.0000
     1.0000   1.0000   1.0000   1.0000   1.0000   1.0000   1.0000   1.0000
     1.0000   1.0000   1.0000   1.0000   1.0000   1.0000   1.0000   1.0000
     1.0000   1.0000   1.0000   1.0000   1.0000   1.0000   1.0000   1.0000
     1.0000   1.0000   1.0000   1.0000   1.0000   1.0000   1.0000   1.0000
     1.0000   1.0000   1.0000   1.0000   1.0000   1.0000   1.0000   1.0000
     1.0000   1.0000   1.0000   1.0000   1.0000   1.0000   1.0000   0.9999
     0.9994   0.9994   0.9994   0.9994   0.9993   0.9993   0.9983   0.9983
     0.9972   0.9955   0.9955   0.9953   0.9941   0.9941   0.9930   0.9894
     0.9893   0.9893   0.9886   0.9801   0.9656   0.9656   0.9533   0.9533
     0.9531   0.9442   0.9442   0.9407   0.9407   0.9339   0.8778   0.8778
     0.8173   0.7981   0.7916   0.7916   0.7764   0.7595   0.7595   0.7123
     0.5822   0.5055   0.5055   0.4730   0.3584   0.3148   0.3148   0.1871
     0.1100   0.1100   0.1052   0.0639   0.0639   0.0355   0.0041   0.0019
     0.0019   0.0000   0.0000   0.0000   0.0000   0.0000   0.0000   0.0000
     0.0000   0.0000   0.0000   0.0000   0.0000   0.0000   0.0000   0.0000
     0.0000   0.0000   0.0000   0.0000   0.0000   0.0000   0.0000   0.0000
     0.0000   0.0000   0.0000   0.0000   0.0000   0.0000   0.0000   0.0000
     0.0000   0.0000   0.0000   0.0000   0.0000   0.0000   0.0000   0.0000
     0.0000   0.0000   0.0000   0.0000   0.0000   0.0000   0.0000   0.0000
     0.0000   0.0000   0.0000   0.0000   0.0000   0.0000   0.0000   0.0000
     0.0000   0.0000   0.0000   0.0000   0.0000   0.0000

     the Fermi energy is     2.5234 ev

!    total energy              =   -8039.32494054 Ry
     estimated scf accuracy    <       0.00000009 Ry
     smearing contrib. (-TS)   =      -0.22557912 Ry
     internal energy E=F+TS    =   -8039.09936143 Ry

     The total energy is F=E-TS. E is the sum of the following terms:
     one-electron contribution = -219249.11327363 Ry
     hartree contribution      =  110485.40992229 Ry
     xc contribution           =   -3113.16481841 Ry
     ewald contribution        =  103839.69300117 Ry
     DFT-D3 Dispersion         =      -1.92419284 Ry

     convergence has been achieved in  44 iterations
