ATOMIC_POSITIONS (angstrom)
NI               1.2254504230        0.7101865830        1.4556095020    0   0   0
NI               2.4444040200        2.8214761450        1.4556095020    0   0   0
NI               3.6633576180        4.9327657080        1.4556095020    0   0   0
NI               4.8823112150        7.0440552710        1.4556095020    0   0   0
NI               6.1012648120        9.1553448320        1.4556095020    0   0   0
NI               7.3202184090       11.2666343950        1.4556095020    0   0   0
NI               3.6633576170        0.7101865830        1.4556095020    0   0   0
NI               4.8823112140        2.8214761450        1.4556095020    0   0   0
NI               6.1012648110        4.9327657080        1.4556095020    0   0   0
NI               7.3202184090        7.0440552710        1.4556095020    0   0   0
NI               8.5391720050        9.1553448320        1.4556095020    0   0   0
NI               9.7581256030       11.2666343950        1.4556095020    0   0   0
NI               6.1012648120        0.7101865830        1.4556095020    0   0   0
NI               7.3202184090        2.8214761450        1.4556095020    0   0   0
NI               8.5391720060        4.9327657080        1.4556095020    0   0   0
NI               9.7581256040        7.0440552710        1.4556095020    0   0   0
NI              10.9770792000        9.1553448320        1.4556095020    0   0   0
NI              12.1960327980       11.2666343950        1.4556095020    0   0   0
NI               8.5391720070        0.7101865830        1.4556095020    0   0   0
NI               9.7581256040        2.8214761450        1.4556095020    0   0   0
NI              10.9770792010        4.9327657080        1.4556095020    0   0   0
NI              12.1960327990        7.0440552710        1.4556095020    0   0   0
NI              13.4149863960        9.1553448320        1.4556095020    0   0   0
NI              14.6339399930       11.2666343950        1.4556095020    0   0   0
NI              10.9770792000        0.7101865830        1.4556095020    0   0   0
NI              12.1960327970        2.8214761450        1.4556095020    0   0   0
NI              13.4149863950        4.9327657080        1.4556095020    0   0   0
NI              14.6339399920        7.0440552710        1.4556095020    0   0   0
NI              15.8528935890        9.1553448320        1.4556095020    0   0   0
NI              17.0718471870       11.2666343950        1.4556095020    0   0   0
NI              13.4149863960        0.7101865830        1.4556095020    0   0   0
NI              14.6339399920        2.8214761450        1.4556095020    0   0   0
NI              15.8528935900        4.9327657080        1.4556095020    0   0   0
NI              17.0718471870        7.0440552710        1.4556095020    0   0   0
NI              18.2908007840        9.1553448320        1.4556095020    0   0   0
NI              19.5097543820       11.2666343950        1.4556095020    0   0   0
NI              13.4540077944        7.7632850936        3.3985204656
NI              14.6441062355        9.8290002910        3.3871419170
NI              15.8376835664        7.7664430289        3.3896460483
NI              12.2425337401        9.8326896460        3.4337638489
NI              14.6422162088        5.6896376953        3.4193435662
NI              17.0370461475        9.8323574861        3.4080900309
NI              11.0246013540        7.7545425004        3.4495966415
NI              13.4412242891       11.9218677905        3.4415091869
NI              12.2322456816        5.6752655125        3.4308988859
NI              15.8419181756       11.9182206138        3.4275760272
NI              17.0448184144        5.6823897252        3.4306051174
NI              18.2406841415        7.7595012998        3.4287921179
NI               9.7942103177        9.8445526760        3.4796809995
NI              11.0124489007       11.9458402115        3.4640805375
NI              13.4254732954        3.5666993801        3.4593592737
NI              18.2537332676       11.9327643269        3.4511801749
NI              15.8493464958        3.5725451237        3.4578353904
NI              19.4637088568        9.8406642272        3.4586827051
NI               4.8448469320        5.6637977482        3.4449774555
NI               7.3253881350        1.3744634460        3.4613438391
NI               9.7878476828        5.6495855802        3.4699188456
NI               3.6493807492        3.5545816496        3.4663099216
NI               6.0686646612        7.7503270987        3.4767233685
NI               4.8977986881        1.3953003304        3.4759236000
NI               8.5542250979        7.7459565035        3.4826064777
NI               9.7443977087        1.3826545241        3.4678981714
NI              10.9881934703        3.5404482396        3.4741173734
NI               2.4561291789        1.4229215804        3.4896821712
NI               7.3077911495        9.8454760318        3.4952475970
NI              12.1811312698        1.4100037231        3.4800511487
NI               6.0939841779        3.5249726198        3.4779092063
NI               7.3088986831        5.6436375224        3.4835321016
NI               8.5431168509        3.5178075239        3.4900690463
NI               8.5500061837       11.9628243048        3.4973300153
NI              14.6278949943        1.4302219920        3.4951076032
NI              20.7023958190       11.9557938272        3.4776868225
AG              -0.0980258483       -0.0318032806        5.7876733947
AG               5.7650148204        5.0479248376        5.7672794970
AG               7.2061835477        2.5631006053        5.7752746258
AG               8.6516837099        5.0569281765        5.7642256242
AG               1.3429822400        2.4692232051        5.7816431848
AG               5.7997006262       10.1607402624        5.8190377492
AG               2.7832221172       -0.0089725049        5.7961337078
AG               8.6474015540       10.1447984273        5.8301683551
AG              11.6303256168        0.0146703969        5.7979674255
AG              13.0657030007        2.4841892411        5.7853781341
AG               4.2657667553        2.5210912227        5.7890213574
AG               7.2356184989        7.6005737571        5.8095059550
AG              10.1315247898        2.5381678997        5.7870606090
AG               2.8467220165        4.9979211256        5.8180537642
AG               4.3582570987        7.5910374238        5.8220095561
AG               5.7110118532        0.0627278621        5.8065363609
AG              10.0605861933        7.6042892872        5.8128867008
AG               8.6816797829        0.0590236428        5.8122886479
AG              11.5551567137        5.0213947468        5.7847531211
AG              11.5121371274       10.1933186742        5.8240382874
AG              14.5151493117        4.9882800568        5.8176502638
AG              17.4960981934       10.1547733395        5.8367538329
AG              12.9629554106        7.5915115886        5.8263296207
AG              14.4896553557       10.1786619913        5.8301652746
AG              16.0222014234        7.5455572507        5.8435256028
AG               5.7332188407        3.3680580630        8.0908049406
AG               7.1884224478        5.8761457468        8.0897673245
AG               8.6713397603        3.3635281010        8.0970483779
AG               4.2690327489        5.8967777665        8.1058421875
AG               7.2102073556        0.8552466873        8.1100543445
AG              10.1280320813        5.8751411974        8.0834420087
AG               1.3394410304        0.8596319305        8.1043517533
AG               7.1424738043       11.0167935587        8.2145643318
AG              13.0515146680        0.8449710117        8.1123976425
AG               2.7981394137        3.3602472480        8.1200524936
AG               5.7254024815        8.4352285046        8.1151900420
AG               4.2721944977        0.8603175059        8.1110094870
AG               8.6405289203        8.3437670868        8.1969188683
AG              10.1357926970        0.8449731624        8.1143308379
AG              11.5982043184        3.3650833375        8.1007891357
AG              11.5717452285        8.4641407676        8.0663588948
AG              13.0588244982       11.0074154908        8.0994454206
AG              13.0550286248        5.8877656565        8.0809662196
AG              15.9762160721       10.9818659136        8.1082707920
AG              15.9703373106        5.8867003699        8.1259921610
AG              17.4427243110        8.4395666372        8.1250196008
AG              10.1680031873       11.0470470528        8.2047473779
AG              14.5090193772        3.3582742168        8.1266862250
AG              18.8993547814       10.9839726133        8.1237978570
AG              14.5266562201        8.4368246099        8.0579530756
O               11.5232708318        8.3467358898       10.5208641664
H               13.5630489342        8.5287747194       10.6501992682
C               12.6111669767        8.1412273839       11.0603352055
H               10.7507896966        7.2700885408       12.0339549714
O               11.3855950709        6.8158807897       12.6351190193
C               12.6615603497        7.3663209012       12.3421405858
H               13.4005164222        6.5522828019       12.2342658771
O               14.4091578236        8.8267329520       12.9996524644
C               13.1589799779        8.3288553090       13.4576740903
H               12.4036374901        9.1357473041       13.5581409638
H               14.9101677196        9.1052025428       13.8002245834
H               14.0387893549        6.8183814932       14.7201528728
C               13.2689237411        7.6108456555       14.8152574365
O               12.0174699917        7.0513834151       15.2198886112
O               15.0315928531        9.0255259693       15.5963821198
C               13.7016158411        8.5619849116       15.9410076649
H               11.5085138012        6.8207333051       14.4093197312
H               12.9910344305        9.4079030330       15.9794118607
H               15.2756945181        9.7420678647       16.2056357184
H               14.2930908394        6.9232116514       17.2210444107
C               13.7201541623        7.8667925754       17.3101797431
O               12.4236706903        7.6618711878       17.8488899874
H               14.2610095572        8.5104640590       18.0218676400
H               11.9067725583        7.2253332638       17.1412484800
O                8.6673010834       10.1037085820        9.4552559006
