ATOMIC_POSITIONS (angstrom)
NI               1.2254504230        0.7101865830        1.4556095020    0   0   0
NI               2.4444040200        2.8214761450        1.4556095020    0   0   0
NI               3.6633576180        4.9327657080        1.4556095020    0   0   0
NI               4.8823112150        7.0440552710        1.4556095020    0   0   0
NI               6.1012648120        9.1553448320        1.4556095020    0   0   0
NI               7.3202184090       11.2666343950        1.4556095020    0   0   0
NI               3.6633576170        0.7101865830        1.4556095020    0   0   0
NI               4.8823112140        2.8214761450        1.4556095020    0   0   0
NI               6.1012648110        4.9327657080        1.4556095020    0   0   0
NI               7.3202184090        7.0440552710        1.4556095020    0   0   0
NI               8.5391720050        9.1553448320        1.4556095020    0   0   0
NI               9.7581256030       11.2666343950        1.4556095020    0   0   0
NI               6.1012648120        0.7101865830        1.4556095020    0   0   0
NI               7.3202184090        2.8214761450        1.4556095020    0   0   0
NI               8.5391720060        4.9327657080        1.4556095020    0   0   0
NI               9.7581256040        7.0440552710        1.4556095020    0   0   0
NI              10.9770792000        9.1553448320        1.4556095020    0   0   0
NI              12.1960327980       11.2666343950        1.4556095020    0   0   0
NI               8.5391720070        0.7101865830        1.4556095020    0   0   0
NI               9.7581256040        2.8214761450        1.4556095020    0   0   0
NI              10.9770792010        4.9327657080        1.4556095020    0   0   0
NI              12.1960327990        7.0440552710        1.4556095020    0   0   0
NI              13.4149863960        9.1553448320        1.4556095020    0   0   0
NI              14.6339399930       11.2666343950        1.4556095020    0   0   0
NI              10.9770792000        0.7101865830        1.4556095020    0   0   0
NI              12.1960327970        2.8214761450        1.4556095020    0   0   0
NI              13.4149863950        4.9327657080        1.4556095020    0   0   0
NI              14.6339399920        7.0440552710        1.4556095020    0   0   0
NI              15.8528935890        9.1553448320        1.4556095020    0   0   0
NI              17.0718471870       11.2666343950        1.4556095020    0   0   0
NI              13.4149863960        0.7101865830        1.4556095020    0   0   0
NI              14.6339399920        2.8214761450        1.4556095020    0   0   0
NI              15.8528935900        4.9327657080        1.4556095020    0   0   0
NI              17.0718471870        7.0440552710        1.4556095020    0   0   0
NI              18.2908007840        9.1553448320        1.4556095020    0   0   0
NI              19.5097543820       11.2666343950        1.4556095020    0   0   0
NI              13.4566192254        7.7603325644        3.4062085220
NI              14.6494745081        9.8283664033        3.3976892274
NI              15.8425500809        7.7639072937        3.3894748797
NI              12.2443644895        9.8350504499        3.4431040179
NI              14.6465161795        5.6874999066        3.4205013934
NI              17.0375637065        9.8297950180        3.4121507409
NI              11.0259279053        7.7516614281        3.4560432530
NI              13.4422699850       11.9242771111        3.4418184748
NI              12.2359102560        5.6726851372        3.4348694394
NI              15.8440964242       11.9172667315        3.4285022473
NI              17.0472235797        5.6817953798        3.4269475336
NI              18.2418210809        7.7565139674        3.4244218037
NI               9.7886099497        9.8445763111        3.4780093745
NI              11.0125851012       11.9465333936        3.4684911806
NI              13.4265903427        3.5680687736        3.4590785956
NI              18.2555965102       11.9325306140        3.4521920518
NI              15.8506625731        3.5740388360        3.4533124182
NI              19.4632000927        9.8388286883        3.4597256898
NI               4.8441175266        5.6628332566        3.4477242762
NI               7.3267941004        1.3759045828        3.4609568267
NI               9.7860762515        5.6512592990        3.4739660530
NI               3.6510362154        3.5569636439        3.4701355132
NI               6.0655908247        7.7482185412        3.4739388788
NI               4.8979215113        1.3974760130        3.4793250749
NI               8.5513860454        7.7453844643        3.4822004571
NI               9.7459461006        1.3824892240        3.4694522189
NI              10.9894610306        3.5412224768        3.4756869019
NI               2.4551015771        1.4225335571        3.4916653153
NI               7.3083349575        9.8455325035        3.4874177192
NI              12.1817171003        1.4112019928        3.4827913137
NI               6.0933766257        3.5274492238        3.4799880229
NI               7.3083946645        5.6465630131        3.4861322447
NI               8.5428029252        3.5177821782        3.4910443829
NI               8.5469627339       11.9595919819        3.4940510888
NI              14.6288807432        1.4305266126        3.4960588066
NI              20.7002419170       11.9554247387        3.4787862040
AG              -0.1220149992       -0.0054329635        5.7940327720
AG               5.7465063723        5.0601169975        5.7759644307
AG               7.1777264840        2.5645827260        5.7753678670
AG               8.6244668653        5.0771325946        5.7694087993
AG               1.3238134590        2.4897533482        5.7821295788
AG               5.7789553255       10.1845665295        5.8226643372
AG               2.7510044624       -0.0043393137        5.8019349287
AG               8.6197137501       10.1678489947        5.8435608224
AG              11.6067945561        0.0402178550        5.8026559703
AG              13.0365660085        2.5155000417        5.7911035909
AG               4.2395249919        2.5163673783        5.7950774508
AG               7.2032526604        7.6365423758        5.8205667469
AG              10.1023057055        2.5608421376        5.7845414034
AG               2.8184757076        5.0125019322        5.8226957410
AG               4.3235628671        7.6028447617        5.8264342632
AG               5.6816522195        0.0503985168        5.8119677921
AG              10.0292768374        7.6376955718        5.8277866870
AG               8.6540086109        0.0679931533        5.8145410941
AG              11.5183555379        5.0586068189        5.7924016926
AG              11.4767573350       10.1872278225        5.8377352792
AG              14.4812372186        5.0127882130        5.8265249196
AG              17.4728266274       10.1775038674        5.8446927979
AG              12.9420040853        7.6121421846        5.8389909872
AG              14.4594357996       10.1807626922        5.8452018522
AG              15.9818846220        7.5757699581        5.8521905360
AG               5.7064717646        3.3825753839        8.0909731540
AG               7.1601339503        5.9019427102        8.1005917484
AG               8.6354772552        3.3868879304        8.0921594111
AG               4.2519670844        5.9113255699        8.1080207738
AG               7.1763456483        0.8625563096        8.1065941020
AG              10.0982139609        5.8963685464        8.0976458815
AG               1.3201806711        0.8733054875        8.1104816835
AG               7.1118171852       11.0447718002        8.1793892537
AG              13.0270162670        0.8779296116        8.1231191916
AG               2.7867437111        3.3717424843        8.1216363966
AG               5.6975828060        8.4643043621        8.1201537863
AG               4.2544457727        0.8662901144        8.1245018419
AG               8.6098372909        8.3807634966        8.1727826821
AG              10.1096311842        0.8662425454        8.1086876185
AG              11.5692222309        3.3864328381        8.0973036035
AG              11.5429087624        8.4626545897        8.1075654212
AG              13.0352679363       10.9989523769        8.1241282417
AG              13.0277388184        5.9041403885        8.0966565623
AG              15.9542135933       10.9970874467        8.1128493874
AG              15.9538286795        5.9040944891        8.1280050709
AG              17.4225628175        8.4554146680        8.1247684218
AG              10.1455706378       11.0490500591        8.1791520751
AG              14.4964655544        3.3768833301        8.1235376503
AG              18.8720728073       11.0098876360        8.1354056097
AG              14.4943607579        8.4463408064        8.0960015870
O               11.4150290366        8.1753236651       10.6744955449
H               13.3599486368        8.7846345623       10.8605039155
C               12.5096234380        8.1823920225       11.2351307348
H               10.8705770020        6.9069331280       12.1160103175
O               11.5373955131        6.6454373288       12.7925910701
C               12.7199927598        7.3651041673       12.4771599678
H               13.5543592785        6.6620453710       12.2841174902
O               14.4014670140        8.8736730793       13.1655460809
C               13.1769928036        8.3136686327       13.6215427739
H               12.3999940832        9.0934660755       13.7531017413
H               14.9430439423        9.0714234111       13.9647997545
H               14.0788847965        6.7774753056       14.8541060466
C               13.3170930940        7.5762629629       14.9685833562
O               12.0663059302        7.0373223729       15.3997143180
O               15.1432764236        8.9022944809       15.7475390108
C               13.7861987370        8.5195747929       16.0866406347
H               11.5954837432        6.7051646284       14.6025725272
H               13.1255057338        9.4054272158       16.1045331045
H               15.4222907973        9.6090950672       16.3545473929
H               14.1916885186        6.8512743912       17.4119586260
C               13.7404483001        7.8597235051       17.4738268341
O               12.4337244227        7.8296438198       18.0297687684
H               14.3614194438        8.4562216268       18.1612674944
H               11.8740201800        7.3737164236       17.3707330262
O                8.6459943535       10.1274502043        9.6875607912
H                8.7148183382       10.0831409965       10.6565756515
