ATOMIC_POSITIONS (angstrom)
NI               0.0000000000        0.0000000000        1.1900000730    0   0   0
NI               1.2286496050        2.1280835410        1.1900000730    0   0   0
NI               2.4572992100        4.2561670810        1.1900000730    0   0   0
NI               3.6859488150        6.3842506220        1.1900000730    0   0   0
NI               4.9145984200        8.5123341620        1.1900000730    0   0   0
NI               2.4572992100        0.0000000000        1.1900000730    0   0   0
NI               3.6859488150        2.1280835410        1.1900000730    0   0   0
NI               4.9145984200        4.2561670810        1.1900000730    0   0   0
NI               6.1432480250        6.3842506220        1.1900000730    0   0   0
NI               7.3718976300        8.5123341620        1.1900000730    0   0   0
NI               4.9145984200        0.0000000000        1.1900000730    0   0   0
NI               6.1432480250        2.1280835410        1.1900000730    0   0   0
NI               7.3718976300        4.2561670810        1.1900000730    0   0   0
NI               8.6005472350        6.3842506220        1.1900000730    0   0   0
NI               9.8291968400        8.5123341620        1.1900000730    0   0   0
NI               7.3718976300        0.0000000000        1.1900000730    0   0   0
NI               8.6005472350        2.1280835410        1.1900000730    0   0   0
NI               9.8291968400        4.2561670810        1.1900000730    0   0   0
NI              11.0578464450        6.3842506220        1.1900000730    0   0   0
NI              12.2864960500        8.5123341620        1.1900000730    0   0   0
NI               9.8291968400        0.0000000000        1.1900000730    0   0   0
NI              11.0578464450        2.1280835410        1.1900000730    0   0   0
NI              12.2864960500        4.2561670810        1.1900000730    0   0   0
NI              13.5151456550        6.3842506220        1.1900000730    0   0   0
NI              14.7437952600        8.5123341620        1.1900000730    0   0   0
NI               1.2260961456        0.7206884869        3.2041525125
NI               2.4502943474        2.8365824399        3.1970102951
NI               3.6639747846        4.9620944072        3.1734530803
NI               4.9063183226        7.1023343307        3.1763767428
NI               6.1402524059        9.2413108537        3.1846426838
NI               3.6816432106        0.7131347650        3.2061838404
NI               4.9124871293        2.8356562307        3.2055301515
NI               6.1438710135        4.9545225143        3.1899918702
NI               7.3808278336        7.1015933066        3.1941800456
NI               8.5984125116        9.2279161624        3.1942211711
NI               6.1353251912        0.7080679952        3.1955123198
NI               7.3739422558        2.8441960932        3.2098764467
NI               8.6117332324        4.9586700809        3.2012446190
NI               9.8289060040        7.0901269202        3.2022849164
NI              11.0511752075        9.2209461156        3.2130399778
NI               8.5976446969        0.7100397331        3.1979013537
NI               9.8231362680        2.8392698636        3.2209046040
NI              11.0606629673        4.9636327481        3.2039418867
NI              12.2797155485        7.0923810335        3.2099404055
NI              13.5063023067        9.2214869816        3.2093187416
NI              11.0532795106        0.7239024082        3.1998407870
NI              12.2761590496        2.8407821353        3.1961132886
NI              13.5035937909        4.9637252657        3.2043436213
NI              14.7300612019        7.0937231330        3.1943058976
NI              15.9655919524        9.2304892985        3.1998440727
NI               2.4624875244        1.4218495011        5.2121017913
NI               3.6790014132        3.5492119605        5.2005186773
NI               4.8972781575        5.6727174300        5.1611761596
NI               6.1353030574        7.8155876617        5.1690013665
NI               7.3681962400        9.9376550196        5.1992952493
NI               4.9238190666        1.4221200686        5.2163372209
NI               6.1404929379        3.5539448305        5.2195578055
NI               7.3562297307        5.6939661984        5.1895171544
NI               8.5992731727        7.7974169499        5.2213615510
NI               9.8281970874        9.9281066472        5.2146273676
NI               7.3698275137        1.4227985242        5.1961974196
NI               8.5841653080        3.5668412422        5.2374142439
NI               9.8010436366        5.6851548219        5.2342775595
NI              11.0496947511        7.7982489328        5.2229677362
NI              12.2868032990        9.9317038145        5.2278419852
NI               9.8157077368        1.4281168425        5.2155190140
NI              11.0413191733        3.5551267936        5.2278726526
NI              12.2723256598        5.6740341121        5.2194037434
NI              13.5160482201        7.7986997120        5.2173104864
NI              14.7448920608        9.9337791620        5.2255068002
NI              12.2799131905        1.4286526964        5.2168691693
NI              13.5072596502        3.5449003726        5.2128465314
NI              14.7377752996        5.6705227871        5.2025043741
NI              15.9653749252        7.8050074255        5.1878366061
NI              17.2027315591        9.9415922774        5.1927177577
NI              -0.0107278304        0.0215992859        7.2274388306
NI               1.2345733398        2.1222123005        7.2325634676
NI               2.4360848908        4.2554800445        7.2325543738
NI               3.6362889668        6.3868835526        7.1862332143
NI               4.8849292172        8.5506368289        7.1717855388
NI               2.4632789078        0.0068516264        7.2239006260
NI               3.6878671591        2.1168630073        7.2306006384
NI               4.8594718152        4.2440052556        7.1768059508
NI               6.0584907720        6.4279667509        7.1355741103
NI               7.3552264070        8.5685513918        7.1700788499
NI               4.9215375908       -0.0022416358        7.2437625539
NI               6.1373151258        2.1293780040        7.2292020526
NI               7.3257404506        4.2681119744        7.2981733340
NI               8.5802124344        6.4298367495        7.3360024126
NI               9.8215021227        8.5211618927        7.2296900376
NI               7.3692398828        0.0138964990        7.2403698229
NI               8.5875093112        2.1368999704        7.2409282839
NI               9.8332914522        4.2542144967        7.2463433567
NI              11.0367919559        6.3814275376        7.2456025915
NI              12.2807112986        8.5067975372        7.2345707431
NI               9.8214658047        0.0166253753        7.2338609951
NI              11.0481057815        2.1393483613        7.2360588284
NI              12.2766767955        4.2513370439        7.2341569839
NI              13.4915729414        6.3851087858        7.2323431500
NI              14.7231078327        8.5224255923        7.2329780308
O                7.2463654495        5.7389055561        8.6544187713
H                6.4469476177        6.1994791791        9.0200097709
