ATOMIC_POSITIONS (angstrom)
NI               0.0000000000        0.0000000000        1.1900000730    0   0   0
NI               1.2286496050        2.1280835410        1.1900000730    0   0   0
NI               2.4572992100        4.2561670810        1.1900000730    0   0   0
NI               3.6859488150        6.3842506220        1.1900000730    0   0   0
NI               4.9145984200        8.5123341620        1.1900000730    0   0   0
NI               2.4572992100        0.0000000000        1.1900000730    0   0   0
NI               3.6859488150        2.1280835410        1.1900000730    0   0   0
NI               4.9145984200        4.2561670810        1.1900000730    0   0   0
NI               6.1432480250        6.3842506220        1.1900000730    0   0   0
NI               7.3718976300        8.5123341620        1.1900000730    0   0   0
NI               4.9145984200        0.0000000000        1.1900000730    0   0   0
NI               6.1432480250        2.1280835410        1.1900000730    0   0   0
NI               7.3718976300        4.2561670810        1.1900000730    0   0   0
NI               8.6005472350        6.3842506220        1.1900000730    0   0   0
NI               9.8291968400        8.5123341620        1.1900000730    0   0   0
NI               7.3718976300        0.0000000000        1.1900000730    0   0   0
NI               8.6005472350        2.1280835410        1.1900000730    0   0   0
NI               9.8291968400        4.2561670810        1.1900000730    0   0   0
NI              11.0578464450        6.3842506220        1.1900000730    0   0   0
NI              12.2864960500        8.5123341620        1.1900000730    0   0   0
NI               9.8291968400        0.0000000000        1.1900000730    0   0   0
NI              11.0578464450        2.1280835410        1.1900000730    0   0   0
NI              12.2864960500        4.2561670810        1.1900000730    0   0   0
NI              13.5151456550        6.3842506220        1.1900000730    0   0   0
NI              14.7437952600        8.5123341620        1.1900000730    0   0   0
NI               1.2329738589        0.7095361159        3.1994309345
NI               2.4622030820        2.8377704788        3.2007834554
NI               3.6910395593        4.9649152229        3.1983948992
NI               4.9199835868        7.0942434522        3.1985498004
NI               6.1483487723        9.2208152653        3.2007595658
NI               3.6899228544        0.7100449571        3.2006482455
NI               4.9232076981        2.8404498753        3.2026441244
NI               6.1512972772        4.9647805324        3.2082024502
NI               7.3761630280        7.0886229627        3.2050052090
NI               8.6039035898        9.2210642522        3.2013703041
NI               6.1459764250        0.7104721003        3.1966940160
NI               7.3764335250        2.8410274212        3.2061382429
NI               8.6016740030        4.9657865898        3.2078404113
NI               9.8317475716        7.0944776329        3.1989275240
NI              11.0612519852        9.2223579451        3.2007289982
NI               8.6056579018        0.7096922934        3.1966649898
NI               9.8298768493        2.8407547036        3.2024172571
NI              11.0613967452        4.9648912737        3.1986490863
NI              12.2904582457        7.0939927710        3.2020183063
NI              13.5189963803        9.2217149404        3.2023577176
NI              11.0628990970        0.7095914061        3.1998641005
NI              12.2904249995        2.8375106870        3.2009716474
NI              13.5193114484        4.9654774944        3.2015925489
NI              14.7480346420        7.0936651168        3.2019438053
NI              15.9770806423        9.2222137735        3.2011152262
NI               2.4632952477        1.4188572736        5.2133664987
NI               3.6944043746        3.5459761358        5.2104178041
NI               4.9211833717        5.6765838051        5.2057532139
NI               6.1520856361        7.8012149175        5.2121384801
NI               7.3783716902        9.9312842368        5.2142885264
NI               4.9200719709        1.4206942460        5.2100566465
NI               6.1668244118        3.5559053892        5.2434747024
NI               7.3795783396        5.6558272332        5.2507440879
NI               8.6052104310        7.8008537874        5.2140227369
NI               9.8349784916        9.9313465136        5.2138673399
NI               7.3784421418        1.4173732160        5.2005254419
NI               8.5948258853        3.5558845386        5.2397480643
NI               9.8371962668        5.6773198924        5.2058815105
NI              11.0635053855        7.8039210708        5.2123228852
NI              12.2919055408        9.9326437754        5.2126663357
NI               9.8385248906        1.4198770141        5.2063107830
NI              11.0641255489        3.5455230249        5.2101974136
NI              12.2932913826        5.6743757525        5.2129130794
NI              13.5218391267        7.8031684203        5.2161266286
NI              14.7514699171        9.9324481546        5.2130285215
NI              12.2941896632        1.4184981001        5.2142282786
NI              13.5222848890        3.5468202831        5.2142142327
NI              14.7511912254        5.6740243686        5.2135847757
NI              15.9799814305        7.8034783070        5.2132226710
NI              17.2088907453        9.9308857090        5.2137337691
NI               0.0087986382        0.0002082768        7.2264189201
NI               1.2369897702        2.1276678204        7.2242922168
NI               2.4632624115        4.2563094970        7.2293089729
NI               3.6918214937        6.3860655538        7.2270167072
NI               4.9223368278        8.5138442121        7.2266782521
NI               2.4651660684        0.0004942479        7.2241361780
NI               3.6938800085        2.1278237068        7.2247709794
NI               4.9076097430        4.2601551466        7.2000875667
NI               6.1430150891        6.3931642400        7.2111279608
NI               7.3805993698        8.5133134558        7.2242046211
NI               4.9211999727       -0.0033035207        7.2292493039
NI               6.1465252762        2.1098870856        7.1989377842
NI               7.3918850223        4.2517730652        7.4217645032
NI               8.6192941078        6.3928143331        7.2150042163
NI               9.8392401647        8.5140044090        7.2260412406
NI               7.3809367607       -0.0041033037        7.2265483637
NI               8.6172386302        2.1083529202        7.1909615338
NI               9.8566402946        4.2604457031        7.2012990474
NI              11.0699159228        6.3864351176        7.2269882067
NI              12.2949053406        8.5129441667        7.2225191170
NI               9.8403917369       -0.0032071957        7.2281320352
NI              11.0664000469        2.1278505476        7.2264516759
NI              12.2982527540        4.2559379768        7.2268876312
NI              13.5236596661        6.3848673508        7.2232339496
NI              14.7519553306        8.5122314429        7.2226345244
C                8.0681223256        3.6630089767       10.2841372568
C                7.5065165650        3.2478786242       11.6145855346
C                8.0692131118        4.1597407402       12.7390327296
C                8.0604571253        3.4874846110       14.1316320964
C                8.0470187178        4.5547753669       15.2413975441
C                8.2571104977        3.9775233559       16.6432495003
O                7.2771980250        4.0522477622        9.4090367064
O                6.0985796880        3.2784632941       11.6077047850
O                9.4040611507        4.5238788018       12.3812172738
O                6.9329435937        2.6314351347       14.2507544530
O                9.1276466636        5.4817494272       14.9880834541
O                7.1591888629        3.1005166717       16.9643190727
H                9.1484925351        3.5853409495       10.0862341262
H                7.8662839163        2.2126172567       11.7893463529
H                7.4065684141        5.0442338598       12.7464786030
H                9.0072092148        2.9106721862       14.2023347304
H                7.0705430930        5.0676913839       15.1903601026
H                9.2182915735        3.4382099349       16.6599554250
H                8.3134685377        4.8065050699       17.3702887708
H                5.8333634836        3.5801791894       10.7138902217
H                9.7378678931        5.0668479223       13.1225361554
H                6.7977966269        2.4523061358       15.2041259769
H                8.8846960271        6.3531680026       15.3395083765
H                7.3897158999        2.5847339160       17.7534512559
