ATOMIC_POSITIONS (angstrom)
NI               1.2285271350        0.7092904720        2.0000000000    0   0   0
NI               8.6004271350        0.7092904720        2.0000000000    0   0   0
NI               2.4570542700        2.8371618880        2.0000000000    0   0   0
NI               9.8289542700        2.8371618880        2.0000000000    0   0   0
NI               3.6859500000        4.9656717300        2.0000000000    0   0   0
NI              11.0578500000        4.9656717300        2.0000000000    0   0   0
NI               3.6855814050        0.7092904720        2.0000000000    0   0   0
NI              11.0574814050        0.7092904720        2.0000000000    0   0   0
NI               4.9141085400        2.8371618880        2.0000000000    0   0   0
NI              12.2860085400        2.8371618880        2.0000000000    0   0   0
NI               6.1430042700        4.9656717300        2.0000000000    0   0   0
NI              13.5149042700        4.9656717300        2.0000000000    0   0   0
NI               6.1433728650        0.7092904720        2.0000000000    0   0   0
NI              13.5152728650        0.7092904720        2.0000000000    0   0   0
NI               7.3719000000        2.8371618880        2.0000000000    0   0   0
NI              14.7438000000        2.8371618880        2.0000000000    0   0   0
NI               8.6007957300        4.9656717300        2.0000000000    0   0   0
NI              15.9726957300        4.9656717300        2.0000000000    0   0   0
NI               0.0375558591       -0.0386915665        3.9928351876
NI               7.4189675127       -0.0377098155        4.0014617871
NI               1.2697768291        2.0937694768        3.9939642700
NI               8.6439493554        2.0918094407        4.0072976646
NI               2.5014650369        4.2209795501        3.9870845312
NI               9.8729450651        4.2061500785        3.9990317743
NI               2.5006262477       -0.0429863396        3.9952290001
NI               9.8814574889       -0.0358648761        4.0057136673
NI               3.7367359949        2.0905696398        3.9981184916
NI              11.0954334261        2.0928403465        4.0173228196
NI               4.9566477442        4.2135527203        4.0015374643
NI              12.3289723801        4.2177094585        4.0059374373
NI               4.9666619351       -0.0494132667        3.9986382075
NI              12.3218704245       -0.0315844892        4.0055782429
NI               6.1904407288        2.0873233212        4.0085273334
NI              13.5493178655        2.0912927930        3.9987685639
NI               7.4162866486        4.2099733676        3.9995031842
NI              14.7830547847        4.2205337199        4.0034150909
NI               1.2218488504        0.6900297336        5.9901398847
NI               8.6027327155        0.6897396441        6.0066932369
NI               2.4532333160        2.8213374655        5.9959182294
NI               9.8350240555        2.8093588227        6.0593080036
NI               3.6793617563        4.9476569096        6.0006130423
NI              11.0412503078        4.9406327355        5.9979541122
NI               3.6774182130        0.6882637111        5.9835466325
NI              11.0524936748        0.7168609396        6.0560593873
NI               4.9185603530        2.8120520113        6.0255033866
NI              12.2625910011        2.7991494109        6.0484493835
NI               6.1358187687        4.9455967228        5.9948381575
NI              13.5060579450        4.9560979919        6.0223059545
NI               6.1412051943        0.7027584329        6.0187639760
NI              13.5115981854        0.6925635402        6.0067706899
NI               7.3534860374        2.7999748250        6.0468349173
NI              14.7290786910        2.8183804862        5.9968681099
NI               8.6050236773        4.9237513330        6.0025058698
NI              15.9646287934        4.9530637139        5.9942443635
NI               0.0341233651       -0.0406936277        8.0080508309
NI               7.4098345348       -0.0623740586        7.9789339283
NI               1.2529740405        2.0815367223        7.9934163892
NI               8.6198872652        2.0914591224        7.9972740610
NI               2.4870749576        4.2094144675        7.9961630190
NI               9.8494879286        4.2257191102        8.0379093902
NI               2.4796972196       -0.0420903301        8.0029249966
NI               9.8601473145       -0.0444467068        8.0268772677
NI               3.6914970365        2.0808076893        7.9764109022
NI              11.0984356432        2.0976579503        8.2860750373
NI               4.9334920336        4.2337563023        7.9889040487
NI              12.3082704634        4.2087377683        7.9942720071
NI               4.9290049213       -0.0644634488        7.9519633484
NI              12.3438740157       -0.0601168641        7.9895622411
NI               6.1618207205        2.0865063327        8.1259086320
NI              13.5556721998        2.0875385740        8.0106301249
NI               7.3937631644        4.2349500615        7.9928252843
NI              14.7793753519        4.2080739945        7.9963655987
O                5.8843410123        1.8682351563       10.1043393567
H                6.1638483878        0.9522564540       10.3384881510
H                7.5636855977        2.8615240835       10.8594620074
H                5.9984261065        3.7190549919       10.9923125057
C                6.4912284999        2.7426108654       11.0875000437
O                6.6880356752        0.7233584963       12.3978540517
H                7.6580867554        0.6864956513       12.5057505853
C                6.2752582116        2.1033779356       12.4526068692
H                5.1958726126        2.0595839330       12.6638736487
C                6.9778041075        2.9210057822       13.5185296130
H                6.7762006719        3.9920548918       13.3235153238
H                8.0719646593        2.7726550675       13.4126976947
O                6.5130250195        2.5183858334       14.8071131485
H                6.9463419392        3.0762266831       15.4746921118
O               10.7603461368        1.5862670090       10.0071030699
H               11.6210668105        1.3272964530       10.3958619337
