&CONTROL
 calculation = 'relax'
 forc_conv_thr = 1d-3
 nstep = 200
 outdir = './output/'
 prefix = 'wm'
 pseudo_dir = '/home/node1/PSP/PseudosP/pslibrary-master/pbe/PSEUDOPOTENTIALS/'
 restart_mode = 'from_scratch'
 tprnfor = .true.
 verbosity = 'high'
 wf_collect = .true.
/

&SYSTEM
 ibrav = 0
 nat = 64
 ntyp = 2

 ecutwfc = 50
 ecutrho = 400

 occupations = 'smearing'
 degauss = 0.02

 nspin = 2
 starting_magnetization(1) = 0.5


 nosym = .false.
 noinv = .false.
 noncolin = .false.

 vdw_corr = 'grimme-d3'
/

&ELECTRONS
 conv_thr = 1.0d-7
 electron_maxstep = 200
 mixing_beta = 0.1
 mixing_mode = 'plain'
 scf_must_converge = .true.
 !startingwfc = 'random'
/

&IONS
 ion_dynamics = 'bfgs'
 upscale = 100
/


ATOMIC_SPECIES
Ni 58.7    Ni.pbe-n-rrkjus_psl.1.0.0.UPF
Cu 63.546  Cu.pbe-dn-rrkjus_psl.1.0.0.UPF


K_POINTS gamma
!3 3 1 0 0 0

CELL_PARAMETERS {angstrom}
  9.829200000   0.000000000   0.000000000
  4.914597029   8.512338614   0.000000000
  0.000000000   0.000000000  38.705865308

ATOMIC_POSITIONS {angstrom}
  Ni   1.2286497520   0.7093615510   11.2500000000  0 0 0
  Ni   2.4572990100   2.8374462050   11.2500000000  0 0 0
  Ni   3.6859482670   4.9655308580   11.2500000000  0 0 0
  Ni   4.9145975240   7.0936155120   11.2500000000  0 0 0
  Ni   3.6859497520   0.7093615510   11.2500000000  0 0 0
  Ni   4.9145990100   2.8374462050   11.2500000000  0 0 0
  Ni   6.1432482670   4.9655308580   11.2500000000  0 0 0
  Ni   7.3718975240   7.0936155120   11.2500000000  0 0 0
  Ni   6.1432497520   0.7093615510   11.2500000000  0 0 0
  Ni   7.3718990100   2.8374462050   11.2500000000  0 0 0
  Ni   8.6005482670   4.9655308580   11.2500000000  0 0 0
  Ni   9.8291975240   7.0936155120   11.2500000000  0 0 0
  Ni   8.6005497520   0.7093615510   11.2500000000  0 0 0
  Ni   9.8291990100   2.8374462050   11.2500000000  0 0 0
  Ni   11.0578482670   4.9655308580   11.2500000000  0 0 0
  Ni   12.2864975240   7.0936155120   11.2500000000  0 0 0
  Ni   4.9105992940   8.5018940219   13.3032618134  1 1 1
  Ni   11.0474694732   2.1230881913   13.2964343381  1 1 1
  Ni   12.2740538610   4.2549263892   13.2922855115  1 1 1
  Ni   13.5050335927   6.3714074893   13.2978633271  1 1 1
  Ni   7.3615129583   8.5074604143   13.3134268626  1 1 1
  Ni   3.6735394469   2.1190854774   13.2930438852  1 1 1
  Ni   4.9106500133   4.2483301533   13.2929953987  1 1 1
  Ni   6.1393135692   6.3780453903   13.3130129268  1 1 1
  Ni   9.8138369852   8.5086553620   13.3047281170  1 1 1
  Ni   6.1308163618   2.1203989363   13.2956778127  1 1 1
  Ni   7.3645126719   4.2597543332   13.3137432805  1 1 1
  Ni   8.5847173914   6.3877227750   13.3212900906  1 1 1
  Ni   12.2724465736   8.5054477941   13.3061839746  1 1 1
  Ni   8.5904559359   2.1329725854   13.2968991447  1 1 1
  Ni   9.8206442150   4.2583317809   13.3001659958  1 1 1
  Ni   11.0417472125   6.3832613720   13.2985314141  1 1 1
  Cu   2.4348103894   1.4087565419   15.3680139954  1 1 1
  Cu   3.6698787435   3.5333120421   15.3564806945  1 1 1
  Cu   4.9047665749   5.6500884388   15.3689915087  1 1 1
  Cu   6.1443493229   7.7795795821   15.4086448208  1 1 1
  Cu   4.8978901233   1.4090995117   15.3607091681  1 1 1
  Cu   6.1347290381   3.5359408029   15.3678002336  1 1 1
  Cu   7.3730417909   5.6737214854   15.4394485137  1 1 1
  Cu   8.5750527903   7.7871651766   15.3968285551  1 1 1
  Cu   7.3608871061   1.4020498058   15.3596780691  1 1 1
  Cu   8.5928233605   3.5504031764   15.3843219811  1 1 1
  Cu   9.8124538757   5.6663945333   15.3753249250  1 1 1
  Cu   11.0373004023   7.7861525393   15.3831056439  1 1 1
  Cu   9.8089318486   1.3948660624   15.3619885165  1 1 1
  Cu   11.0364372677   3.5321082484   15.3613991534  1 1 1
  Cu   12.2689900721   5.6585892494   15.3731009543  1 1 1
  Cu   13.5042458980   7.7847565107   15.3560016967  1 1 1
  Cu   1.1985753775   0.6908129420   17.5789441674  1 1 1
  Cu   2.4325857698   2.8153064609   17.5705350956  1 1 1
  Cu   3.6803679581   4.9339318713   17.5874566514  1 1 1
  Cu   4.8856840459   7.0683663520   17.5274880039  1 1 1
  Cu   3.6700565947   0.7152297986   17.5237067785  1 1 1
  Cu   4.9007118066   2.8124596945   17.5602159758  1 1 1
  Cu   6.1333093306   4.9234824067   17.5379603423  1 1 1
  Cu   7.2931420803   7.0925501076   17.7487328599  1 1 1
  Cu   6.1413693162   0.6972141154   17.5569261677  1 1 1
  Cu   7.3607961041   2.8062809618   17.5120111352  1 1 1
  Cu   8.5997222012   4.7608614265   17.5556311486  1 1 1
  Cu   9.8574372610   7.0800071946   17.5100067554  1 1 1
  Cu   8.5796785721   0.6803859204   17.5496429404  1 1 1
  Cu   9.8011516606   2.7979559170   17.5076569337  1 1 1
  Cu   11.0497787930   4.9132992512   17.5204656434  1 1 1
  Cu   12.2843952570   7.0613364298   17.5427177782  1 1 1
