ATOMIC_POSITIONS (angstrom)
NI               0.0000000000        0.0000000000        1.1900000730    0   0   0
NI               1.2286496050        2.1280835410        1.1900000730    0   0   0
NI               2.4572992100        4.2561670810        1.1900000730    0   0   0
NI               3.6859488150        6.3842506220        1.1900000730    0   0   0
NI               4.9145984200        8.5123341620        1.1900000730    0   0   0
NI               2.4572992100        0.0000000000        1.1900000730    0   0   0
NI               3.6859488150        2.1280835410        1.1900000730    0   0   0
NI               4.9145984200        4.2561670810        1.1900000730    0   0   0
NI               6.1432480250        6.3842506220        1.1900000730    0   0   0
NI               7.3718976300        8.5123341620        1.1900000730    0   0   0
NI               4.9145984200        0.0000000000        1.1900000730    0   0   0
NI               6.1432480250        2.1280835410        1.1900000730    0   0   0
NI               7.3718976300        4.2561670810        1.1900000730    0   0   0
NI               8.6005472350        6.3842506220        1.1900000730    0   0   0
NI               9.8291968400        8.5123341620        1.1900000730    0   0   0
NI               7.3718976300        0.0000000000        1.1900000730    0   0   0
NI               8.6005472350        2.1280835410        1.1900000730    0   0   0
NI               9.8291968400        4.2561670810        1.1900000730    0   0   0
NI              11.0578464450        6.3842506220        1.1900000730    0   0   0
NI              12.2864960500        8.5123341620        1.1900000730    0   0   0
NI               9.8291968400        0.0000000000        1.1900000730    0   0   0
NI              11.0578464450        2.1280835410        1.1900000730    0   0   0
NI              12.2864960500        4.2561670810        1.1900000730    0   0   0
NI              13.5151456550        6.3842506220        1.1900000730    0   0   0
NI              14.7437952600        8.5123341620        1.1900000730    0   0   0
NI               1.2257692538        0.6990024886        3.1993930373
NI               2.4559467305        2.8282608749        3.2019169064
NI               3.6831273109        4.9576115344        3.1964865548
NI               4.9104277315        7.0850973792        3.2055499606
NI               6.1419383046        9.2145808955        3.2082806529
NI               3.6822037541        0.6999746899        3.2013426920
NI               4.9167572466        2.8331155649        3.2030589854
NI               6.1437221744        4.9615922512        3.2138326103
NI               7.3718147736        7.0792573267        3.2134150158
NI               8.5926597259        9.2089664630        3.2081592175
NI               6.1405458034        0.7024979834        3.1967857226
NI               7.3710741198        2.8353560200        3.2066137124
NI               8.5946199294        4.9592112365        3.2079538216
NI               9.8236359059        7.0859863335        3.1998699221
NI              11.0535773887        9.2127285766        3.2007236335
NI               8.6009997833        0.7022085470        3.1968182533
NI               9.8225457844        2.8329455540        3.2043004936
NI              11.0541018962        4.9575770834        3.1941590765
NI              12.2833052701        7.0865580536        3.2020073695
NI              13.5135878114        9.2131243055        3.2010823712
NI              11.0569918602        0.6996777116        3.2009622819
NI              12.2831291359        2.8290328756        3.1953824896
NI              13.5107528663        4.9566925514        3.1955331959
NI              14.7424424179        7.0847636263        3.2010240944
NI              15.9746463513        9.2109871426        3.2058597262
NI               2.4505456643        1.4041137145        5.2098375334
NI               3.6816013914        3.5338291494        5.2052899422
NI               4.9158166678        5.6667685548        5.2175742509
NI               6.1395186543        7.7886252195        5.2065846818
NI               7.3668177083        9.9061558295        5.2320752791
NI               4.9070439024        1.4079216461        5.2097840409
NI               6.1538795370        3.5412724532        5.2354784357
NI               7.3582928468        5.6484337367        5.2674695470
NI               8.5855478741        7.7908194830        5.2339317423
NI               9.8245491230        9.9173999875        5.2050939646
NI               7.3682503484        1.4056279984        5.2023024755
NI               8.5821138905        3.5431183586        5.2407232840
NI               9.8241546161        5.6619571432        5.2002263748
NI              11.0523937450        7.7888401449        5.2099108672
NI              12.2811078416        9.9168477379        5.2124762737
NI               9.8278734821        1.4059150066        5.2045880389
NI              11.0518992574        3.5324299235        5.2023328802
NI              12.2802585896        5.6609844776        5.2027054106
NI              13.5128431205        7.7892606746        5.2106947303
NI              14.7392670475        9.9189007300        5.2024071464
NI              12.2822719662        1.4051186544        5.2051815990
NI              13.5087234160        3.5322337920        5.2033696742
NI              14.7362831201        5.6589585017        5.2009658259
NI              15.9778874741        7.7950401411        5.2308609531
NI              17.1975055192        9.9059741027        5.2308500460
NI              -0.0060420548        0.0279141213        7.2005983059
NI               1.2259171092        2.1168597138        7.2215827043
NI               2.4413089553        4.2309840168        7.2249214920
NI               3.6349642239        6.3449834317        7.1968562811
NI               4.8601921024        8.5268924413        7.3817221296
NI               2.4656098855       -0.0086887059        7.2124916998
NI               3.6779046239        2.1130454127        7.2324103106
NI               4.8906847411        4.2321479265        7.1870270246
NI               6.1179461712        6.3369119793        7.3275577951
NI               7.4141865384        8.5215988309        7.3717040485
NI               4.9143603064       -0.0155229595        7.2311546880
NI               6.1304112769        2.0872562988        7.2020532603
NI               7.3762608880        4.2185381932        7.4036271746
NI               8.6454210927        6.3523298608        7.1967714528
NI               9.8396341450        8.5056042226        7.2134725345
NI               7.3621336201       -0.0169145150        7.2272730209
NI               8.6019919698        2.0927875016        7.2048891344
NI               9.8436371517        4.2353217027        7.2068787307
NI              11.0645169837        6.3695848349        7.2248678807
NI              12.2825156762        8.4942737949        7.2318118977
NI               9.8114167697       -0.0128425899        7.2119001691
NI              11.0458737726        2.1166393497        7.2242318794
NI              12.2806105922        4.2375436017        7.2174558288
NI              13.4988568319        6.3667301608        7.2184190503
NI              14.7260672927        8.5028981539        7.2100862668
C                7.9403397466        3.7223852066       10.3141276158
C                7.3417728529        3.4217451312       11.6580614254
C                7.9648595584        4.3387031085       12.7505792846
C                8.0664902139        3.6318731887       14.1174142573
C                8.2685599453        4.6386843152       15.2665464863
C                8.6068838419        3.9617255791       16.5981358278
O                7.1868832875        4.0887162631        9.3991740744
O                5.9380580877        3.5364013827       11.6406897796
O                9.2608653430        4.7369866812       12.3008737445
O                6.8797156378        2.8782224015       14.3335975252
O                9.3745605355        5.5087925861       14.9326341836
O                7.4924017116        3.1457099489       17.0095169615
H                9.0173485498        3.5744283370       10.1418237780
H                7.6290404669        2.3722054052       11.8813815145
H                7.2774037836        5.2013869124       12.8256941317
H                8.9586378578        2.9723508433       14.0645057382
H                7.3330060239        5.2156884882       15.3660028645
H                9.5179285649        3.3556763702       16.4608232906
H                8.8166080889        4.7379061317       17.3552828125
H                5.6898645102        3.8179058132       10.7348971351
H                9.6562526956        5.2480332948       13.0361724129
H                6.8546480340        2.6376110247       15.2825787031
H                9.2608173998        6.3576616179       15.3898389444
H                7.7726050160        2.5753082675       17.7436198519
O                6.1443882851        7.7790980027        8.4479203274
