&CONTROL
calculation = 'scf'
!dipfield = .TRUE.
forc_conv_thr = 8d-4
nstep = 150
outdir = './output/'
prefix = 'VLAB'
pseudo_dir = '/home/node1/PSP/PseudosP/pslibrary-master/pbe/PSEUDOPOTENTIALS/'
restart_mode = 'from_scratch'
!tefield = .TRUE.
tprnfor = .TRUE.
verbosity = 'high'
wf_collect = .TRUE.
/

&SYSTEM
 ibrav = 0
 nat = 74
 ntyp = 4

 ecutwfc = 50
 ecutrho = 400

 occupations = 'smearing'
 degauss = 0.02

 nspin = 1


 nosym = .true.
 noinv = .false.
 noncolin = .false.

 vdw_corr = 'grimme-d3'
/

&ELECTRONS
 conv_thr = 1.0d-8
 electron_maxstep = 150
 mixing_beta = 0.04
 mixing_mode = 'plain'
 scf_must_converge = .true.
 startingwfc = 'random'
/


ATOMIC_SPECIES
Ni 58.7 Ni.pbe-n-rrkjus_psl.1.0.0.UPF !41 236
Cu 63.546 Cu.pbe-dn-rrkjus_psl.1.0.0.UPF !45 236
O 15.9994 O.pbe-n-rrkjus_psl.1.0.0.UPF !47 323
H 1.00797 H.pbe-rrkjus_psl.1.0.0.UPF !46 221

K_POINTS automatic
3 3 1 0 0 0

CELL_PARAMETERS {angstrom}
7.3718978737 0.0000000000 0.0000000000
3.6859489368 6.3842478561 0.0000000000
0.0000000000 0.0000000000 42.0446350000

ATOMIC_POSITIONS {angstrom}
Ni     0.0000000000    0.0000000000    10.0000000900    0   0   0
Ni     8.6005476670    2.1280836470    10.0000000900    0   0   0
Ni     9.8291973330    4.2561672950    10.0000000900    0   0   0
Ni     2.4572993330    0.0000000000    10.0000000900    0   0   0
Ni     3.6859490000    2.1280836470    10.0000000900    0   0   0
Ni     4.9145986670    4.2561672950    10.0000000900    0   0   0
Ni     4.9145986670    0.0000000000    10.0000000900    0   0   0
Ni     6.1432483330    2.1280836470    10.0000000900    0   0   0
Ni     7.3718980000    4.2561672950    10.0000000900    0   0   0
Ni     1.6381995390    1.4187224170    12.0063763950    0   0   0
Ni     2.8668492300    3.5468061070    12.0063763950    0   0   0
Ni     4.0954988850    5.6748897330    12.0063763950    0   0   0
Ni     4.0954988480    1.4187224170    12.0063763950    0   0   0
Ni     5.3241485390    3.5468061070    12.0063763950    0   0   0
Ni     6.5527981940    5.6748897330    12.0063763950    0   0   0
Ni     6.5527982300    1.4187224170    12.0063763950    0   0   0
Ni     7.7814479220    3.5468061070    12.0063763950    0   0   0
Ni     9.0100975760    5.6748897330    12.0063763950    0   0   0
Ni     2.0477494240    0.7093612090    14.0127530410    0   0   0
Ni     3.2763990780    2.8374448350    14.0127530410    0   0   0
Ni     4.5050487700    4.9655285250    14.0127530410    0   0   0
Ni     4.5050488060    0.7093612090    14.0127530410    0   0   0
Ni     5.7336984610    2.8374448350    14.0127530410    0   0   0
Ni     6.9623481520    4.9655285250    14.0127530410    0   0   0
Ni     6.9623481150    0.7093612090    14.0127530410    0   0   0
Ni     8.1909977700    2.8374448350    14.0127530410    0   0   0
Ni     9.4196474610    4.9655285250    14.0127530410    0   0   0
Ni     0.2219535440   -0.3844348150    16.0346322610    0   0   0
Ni     8.8225203380    1.7436790770    16.0347677870    0   0   0
Ni    10.0511134640    3.8717235960    16.0347600380    0   0   0
Ni     2.6792792770   -0.3844068560    16.0347600380    0   0   0
Ni     3.9079067200    1.7436614180    16.0347555120    0   0   0
Ni     5.1365311080    3.8717690310    16.0346226390    0   0   0
Ni     5.1365164550   -0.3844362570    16.0347677870    0   0   0
Ni     6.3652073280    1.7436393910    16.0346221070    0   0   0
Ni     7.5938385560    3.8717351570    16.0347555120    0   0   0
Cu     2.0723744710    0.6666908500    18.1188401140    0   0   0
Cu     3.3010364020    2.7947772280    18.1188294380    0   0   0
Cu     4.5296848840    4.9228575240    18.1186684400    0   0   0
Cu     4.5296771200    0.6666970110    18.1188367610    0   0   0
Cu     5.7583325920    2.7947772670    18.1186160230    0   0   0
Cu     6.9869807220    4.9228581720    18.1188294380    0   0   0
Cu     6.9869802900    0.6666970300    18.1186522440    0   0   0
Cu     8.2156318920    2.7947839910    18.1188367610    0   0   0
Cu     9.4442885520    4.9228674280    18.1188401140    0   0   0
Cu     2.0477494240    0.7093612090    20.5305373300    0   0   0
Cu     3.2763990780    2.8374448350    20.5305290830    0   0   0
Cu     4.5050487700    4.9655285250    20.5303270790    0   0   0
Cu     4.5050488060    0.7093612090    20.5305312910    0   0   0
Cu     5.7336984610    2.8374448350    20.5302848030    0   0   0
Cu     6.9623481520    4.9655285250    20.5305290830    0   0   0
Cu     6.9623481150    0.7093612090    20.5303102470    0   0   0
Cu     8.1909977700    2.8374448350    20.5305312910    0   0   0
Cu     9.4196474610    4.9655285250    20.5305373300    0   0   0
Cu     0.1996576410   -0.3458171780    22.6496925520    0   0   0
Cu     8.8002014820    1.7822648550    22.6499310210    0   0   0
Cu    10.0288585330    3.9103492740    22.6499306530    0   0   0
Cu     2.6569559250   -0.3458206820    22.6499306530    0   0   0
Cu     3.8856048760    1.7822645930    22.6499270560    0   0   0
Cu     5.1142599260    3.9103438500    22.6496806750    0   0   0
Cu     5.1142596180   -0.3458146710    22.6499310210    0   0   0
Cu     6.3429051830    1.7822678380    22.6496760870    0   0   0
Cu     7.5715581480    3.9103507070    22.6499270560    0   0   0
Cu     2.6543912287    1.0749682678    24.7233767311
Cu     3.8534650072    3.1827431626    24.7181633379
Cu     5.1116100081    5.3678649244    24.7153176287
Cu     5.1129788853    1.0497388094    24.6810928188
Cu     6.3732786422    3.1820254047    24.7144626196
Cu     7.5894423848    5.3398860317    24.6797582459
Cu     7.5744708058    1.0761474971    24.7234746689
Cu     8.8006875385    3.1979302889    24.7239029214
Cu    10.0073966960    5.3410389471    24.6811968523
O      5.1161109618    3.9101868546    26.0843800024
H      5.1183494194    3.8977929475    27.0514203795