ATOMIC_POSITIONS (angstrom)
NI               1.2285271350        0.7092904720        2.0000000000    0   0   0
NI               8.6004271350        0.7092904720        2.0000000000    0   0   0
NI               2.4570542700        2.8371618880        2.0000000000    0   0   0
NI               9.8289542700        2.8371618880        2.0000000000    0   0   0
NI               3.6859500000        4.9656717300        2.0000000000    0   0   0
NI              11.0578500000        4.9656717300        2.0000000000    0   0   0
NI               3.6855814050        0.7092904720        2.0000000000    0   0   0
NI              11.0574814050        0.7092904720        2.0000000000    0   0   0
NI               4.9141085400        2.8371618880        2.0000000000    0   0   0
NI              12.2860085400        2.8371618880        2.0000000000    0   0   0
NI               6.1430042700        4.9656717300        2.0000000000    0   0   0
NI              13.5149042700        4.9656717300        2.0000000000    0   0   0
NI               6.1433728650        0.7092904720        2.0000000000    0   0   0
NI              13.5152728650        0.7092904720        2.0000000000    0   0   0
NI               7.3719000000        2.8371618880        2.0000000000    0   0   0
NI              14.7438000000        2.8371618880        2.0000000000    0   0   0
NI               8.6007957300        4.9656717300        2.0000000000    0   0   0
NI              15.9726957300        4.9656717300        2.0000000000    0   0   0
NI               0.0465435599       -0.0113333200        4.0000794357
NI               7.4191317097       -0.0099139975        3.9952510794
NI               1.2754592522        2.1139802057        4.0008126274
NI               8.6434068540        2.1188626195        3.9999369416
NI               2.5022425847        4.2488678796        4.0023656474
NI               9.8714437431        4.2401931460        3.9904174307
NI               2.5010374875       -0.0077456659        4.0029926162
NI               9.8847043100       -0.0064970151        3.9981409737
NI               3.7320925239        2.1182274365        4.0013669977
NI              11.1046134750        2.1103239514        4.0131255902
NI               4.9551757286        4.2434329459        4.0025413058
NI              12.3372245345        4.2378738242        3.9888651144
NI               4.9574278511       -0.0116381835        4.0032307384
NI              12.3258142704       -0.0044316601        4.0055492862
NI               6.1878601824        2.1210068909        4.0098458368
NI              13.5603736985        2.1177738852        4.0011784673
NI               7.4114566456        4.2372345594        3.9906229356
NI              14.7992036095        4.2433207111        3.9935695193
NI               1.2380157066        0.7389348415        6.0178738983
NI               8.6175368758        0.7133954236        6.0085152903
NI               2.4706200102        2.8670420450        5.9995039168
NI               9.8513583894        2.8407489074        6.0152948210
NI               3.6982392376        4.9899104545        6.0226050672
NI              11.0740761358        4.9928858719        5.9874757235
NI               3.6993748028        0.7219705537        6.0345323768
NI              11.0746467557        0.7539159070        6.0675331829
NI               4.9363432086        2.8532135112        6.0326355401
NI              12.2841855688        2.8358294014        6.0268846032
NI               6.1476938648        4.9877465194        6.0065728975
NI              13.5419602376        4.9884092144        5.9908130460
NI               6.1461123816        0.7332220713        6.0010925280
NI              13.5295192945        0.7285109845        6.0108596771
NI               7.3827237510        2.8417278656        6.0268434040
NI              14.7512971472        2.8673987085        6.0115386560
NI               8.6096632203        4.9908750126        6.0021096873
NI              15.9810222073        4.9944312652        6.0171319619
NI               0.0560894902        0.0077834701        8.0224694264
NI               7.4602763207       -0.0187268155        8.0249102072
NI               1.2898835344        2.1370105251        8.0104684979
NI               8.6914223766        2.1384002772        7.9753570856
NI               2.5134252791        4.2596415602        8.0187971465
NI               9.8811388236        4.2358611941        7.9272507640
NI               2.4929331376        0.0086277283        8.0280680238
NI               9.9062715574       -0.0219512295        8.0067117596
NI               3.7015375389        2.1541662058        7.9899388997
NI              11.1372942647        2.1303053972        8.2257207065
NI               4.9651463475        4.2670258648        8.0163864860
NI              12.3718736820        4.2500614450        7.9363845735
NI               4.9384823713       -0.0261184944        8.0895156392
NI              12.3664529850       -0.0117443780        8.0134270241
NI               6.2166414456        2.1640270427        8.1091227688
NI              13.6009017915        2.1235392617        7.9883421758
NI               7.4187836096        4.2649303383        7.9910556829
NI              14.8052771757        4.2604631317        8.0254281455
O                6.2321687147        0.6763589093        9.3704509305
H                7.3179062872        1.0784411609       11.0740051878
H                5.5240306315        1.0784052647       11.2617867443
C                6.3826509177        0.5632814986       10.8025486280
O                7.7011975873       -1.5093007228       10.9709863741
H                8.0108707234       -1.2156887532       10.0667381195
C                6.4273157174       -0.8891737697       11.2518890352
H                5.6277541953       -1.4510835181       10.7283324087
C                6.2034129519       -0.9659562522       12.7629333136
H                5.2129603525       -0.5440458777       12.9892810003
H                6.9630911732       -0.3524436079       13.2818290313
O                6.2044095249       -2.3083120244       13.2507206941
H                7.1058894531       -2.5317444536       13.5143775226
O               11.1829716314        2.2551629787       10.2531258008
H               12.0330893630        1.8398425623       10.4937895196
H               11.2388995590        3.2122235324       10.5584028334
