&control
  prefix        = 'wm',
  pseudo_dir  = '/home/node1/PSP/PseudosP/pslibrary-master/pbe/PSEUDOPOTENTIALS/'
  outdir        = './output/',
  verbosity     = 'high',
  calculation   = 'relax',
  restart_mode  = 'from_scratch',
  wf_collect    = .True.,
  forc_conv_thr = 1d-3,
  nstep         = 200,
  tprnfor       = .True.,
/
&system
  ibrav         = 0,
  nat           = 88,
  nspin         = 1,
  !starting_magnetization(1) = 0.5,
  !starting_magnetization(2) = 0.0,
  !starting_magnetization(3) = 0.0,
  !starting_magnetization(4) = 0.0,
  ntyp          = 4,
  ecutwfc       = 50,
  ecutrho       = 400,
  occupations   = 'smearing',
  smearing      = 'gaussian',
  degauss       = 0.02,
  nosym         = .False.,
  noinv         = .False.,
  tot_charge    = 0.,
  vdw_corr      = 'grimme-d3',
/
&electrons
  mixing_ndim         = 24
  conv_thr            = 1d-8,
  mixing_beta         = 0.3,
  mixing_mode         = 'local-TF',
  electron_maxstep    = 200,
  diagonalization     = 'david',
/
&ions
  ion_dynamics      = 'bfgs',
  upscale       = 100.,
/

ATOMIC_SPECIES
NI 58.7    Ni.pbe-n-rrkjus_psl.1.0.0.UPF
O  15.9994 O.pbe-n-rrkjus_psl.1.0.0.UPF
C  12.011  C.pbe-n-rrkjus_psl.1.0.0.UPF
H  1.00797 H.pbe-rrkjus_psl.1.0.0.UPF

ATOMIC_POSITIONS angstrom
NI   1.228527135   0.709290472   2.000000000 0 0 0
NI   8.600427135   0.709290472   2.000000000 0 0 0
NI   2.457054270   2.837161888   2.000000000 0 0 0
NI   9.828954270   2.837161888   2.000000000 0 0 0
NI   3.685950000   4.965671730   2.000000000 0 0 0
NI  11.057850000   4.965671730   2.000000000 0 0 0
NI   3.685581405   0.709290472   2.000000000 0 0 0
NI  11.057481405   0.709290472   2.000000000 0 0 0
NI   4.914108540   2.837161888   2.000000000 0 0 0
NI  12.286008540   2.837161888   2.000000000 0 0 0
NI   6.143004270   4.965671730   2.000000000 0 0 0
NI  13.514904270   4.965671730   2.000000000 0 0 0
NI   6.143372865   0.709290472   2.000000000 0 0 0
NI  13.515272865   0.709290472   2.000000000 0 0 0
NI   7.371900000   2.837161888   2.000000000 0 0 0
NI  14.743800000   2.837161888   2.000000000 0 0 0
NI   8.600795730   4.965671730   2.000000000 0 0 0
NI  15.972695730   4.965671730   2.000000000 0 0 0
NI   0.000000000   0.000000000   4.034000000 1 1 1
NI   7.371900000   0.000000000   4.034000000 1 1 1
NI   1.228650000   2.128084225   4.034000000 1 1 1
NI   8.600550000   2.128084225   4.034000000 1 1 1
NI   2.457300000   4.256168449   4.034000000 1 1 1
NI   9.829200000   4.256168449   4.034000000 1 1 1
NI   2.457054270   0.000000000   4.034000000 1 1 1
NI   9.829200000   0.000000000   4.034000000 1 1 1
NI   3.685704270   2.128084225   4.034000000 1 1 1
NI  11.057850000   2.128084225   4.034000000 1 1 1
NI   4.914354270   4.256168449   4.034000000 1 1 1
NI  12.286500000   4.256168449   4.034000000 1 1 1
NI   4.914600000   0.000000000   4.034000000 1 1 1
NI  12.286745730   0.000000000   4.034000000 1 1 1
NI   6.143250000   2.128084225   4.034000000 1 1 1
NI  13.515395730   2.128084225   4.034000000 1 1 1
NI   7.371900000   4.256168449   4.034000000 1 1 1
NI  14.744045730   4.256168449   4.034000000 1 1 1
NI   1.228527135   0.709290472   6.068000000 1 1 1
NI   8.600427135   0.709290472   6.068000000 1 1 1
NI   2.457054270   2.837161888   6.068000000 1 1 1
NI   9.828954270   2.837161888   6.068000000 1 1 1
NI   3.685950000   4.965671730   6.068000000 1 1 1
NI  11.057850000   4.965671730   6.068000000 1 1 1
NI   3.685581405   0.709290472   6.068000000 1 1 1
NI  11.057481405   0.709290472   6.068000000 1 1 1
NI   4.914108540   2.837161888   6.068000000 1 1 1
NI  12.286008540   2.837161888   6.068000000 1 1 1
NI   6.143004270   4.965671730   6.068000000 1 1 1
NI  13.514904270   4.965671730   6.068000000 1 1 1
NI   6.143372865   0.709290472   6.068000000 1 1 1
NI  13.515272865   0.709290472   6.068000000 1 1 1
NI   7.371900000   2.837161888   6.068000000 1 1 1
NI  14.743800000   2.837161888   6.068000000 1 1 1
NI   8.600795730   4.965671730   6.068000000 1 1 1
NI  15.972695730   4.965671730   6.068000000 1 1 1
NI   0.000000000   0.000000000   8.102000000 1 1 1
NI   7.371900000   0.000000000   8.102000000 1 1 1
NI   1.228650000   2.128084225   8.102000000 1 1 1
NI   8.600550000   2.128084225   8.102000000 1 1 1
NI   2.457300000   4.256168449   8.102000000 1 1 1
NI   9.829200000   4.256168449   8.102000000 1 1 1
NI   2.457054270   0.000000000   8.102000000 1 1 1
NI   9.829200000   0.000000000   8.102000000 1 1 1
NI   3.685704270   2.128084225   8.102000000 1 1 1
NI  11.057850000   2.128084225   8.102000000 1 1 1
NI   4.914354270   4.256168449   8.102000000 1 1 1
NI  12.286500000   4.256168449   8.102000000 1 1 1
NI   4.914600000   0.000000000   8.102000000 1 1 1
NI  12.286745730   0.000000000   8.102000000 1 1 1
NI   6.143250000   2.128084225   8.102000000 1 1 1
NI  13.515395730   2.128084225   8.102000000 1 1 1
NI   7.371900000   4.256168449   8.102000000 1 1 1
NI  14.744045730   4.256168449   8.102000000 1 1 1
O   6.185954926   2.157495989  10.202011000 1 1 1
H   7.752740463   2.880638161  11.293283500 1 1 1
H   6.284199008   3.886541013  11.299084600 1 1 1
C   6.659082239   2.859889340  11.346317600 1 1 1
O   6.672808717   0.812587193  12.577228600 1 1 1
H   7.644226095   0.858617655  12.579289100 1 1 1
C   6.167413368   2.149513545  12.600845100 1 1 1
H   5.075598119   2.065305252  12.604173600 1 1 1
C   6.667559924   2.839715102  13.864470500 1 1 1
H   6.316303633   3.875496256  13.907994600 1 1 1
H   7.761807900   2.828925715  13.910879300 1 1 1
O   6.184442457   2.152194931  15.013785700 1 1 1
H   6.524486089   2.625331897  15.792686400 1 1 1
O   7.371900000   0.000000000  10.102000000 1 1 1
H   8.099400000  -0.420022321  10.587000000 1 1 1
H   6.644400000   0.420022321  10.587000000 1 1 1


K_POINTS {gamma}


CELL_PARAMETERS angstrom
 14.743800000   0.000000000   0.000000000
  3.685950000   6.384252674   0.000000000
  0.000000000   0.000000000  36.700000000