ATOMIC_POSITIONS (crystal)
Ni               0.0833333300        0.0833333300        0.2910888200    0   0   0
Ni               0.0833333300        0.3333333300        0.2910888200    0   0   0
Ni               0.0833333300        0.5833333300        0.2910888200    0   0   0
Ni               0.0833333300        0.8333333300        0.2910888200    0   0   0
Ni               0.3333333300        0.0833333300        0.2910888200    0   0   0
Ni               0.3333333300        0.3333333300        0.2910888200    0   0   0
Ni               0.3333333300        0.5833333300        0.2910888200    0   0   0
Ni               0.3333333300        0.8333333300        0.2910888200    0   0   0
Ni               0.5833333300        0.0833333300        0.2910888200    0   0   0
Ni               0.5833333300        0.3333333300        0.2910888200    0   0   0
Ni               0.5833333300        0.5833333300        0.2910888200    0   0   0
Ni               0.5833333300        0.8333333300        0.2910888200    0   0   0
Ni               0.8333333300        0.0833333300        0.2910888200    0   0   0
Ni               0.8333333300        0.3333333300        0.2910888200    0   0   0
Ni               0.8333333300        0.5833333300        0.2910888200    0   0   0
Ni               0.8333333300        0.8333333300        0.2910888200    0   0   0
Ni               0.6389623709       -0.0357287182        0.3814813610
Ni               0.4797594204        0.2152707656        0.3407464780
Ni               0.6831652550        0.4368693340        0.3401777413
Ni               0.9912090211        0.7422773820        0.3430707884
Ni               0.1859153340        0.0331253915        0.3466507451
Ni               0.2077641537        0.2631908540        0.3459903415
Ni               0.2317911390        0.4902082405        0.3442539956
Ni               0.2205098325        0.7761706952        0.3442419443
Ni               0.4457421442       -0.0030471801        0.3448353693
Ni               0.6241129461        0.2696882554        0.3711482042
Ni               0.4355093981        0.5290039257        0.3563548494
Ni               0.4957179703        0.7377096463        0.3480661107
Ni               0.7720970130        0.0120922269        0.3407931368
Ni               0.8832782844        0.1828849195        0.3505529062
Ni               0.8654840378        0.4982656912        0.3519742426
Ni               0.7345842080        0.7599726221        0.3431897119
Ni               0.1652112576        0.1685705961        0.4005902828
Ni               0.1574296288        0.4180820106        0.3986747248
Ni               0.1626337618        0.6696733419        0.3951412192
Ni               0.1584195328        0.9261173946        0.3994046174
Ni               0.4139758855        0.1830309728        0.4016696851
Ni               0.4007467432        0.4291131622        0.4098686354
Ni               0.4068361499        0.6825546277        0.4045524496
Ni               0.4161860392        0.9254917045        0.4021745462
Ni               0.6860766108        0.1342396416        0.4189423384
Ni               0.6580791683        0.4324934748        0.4088801340
Ni               0.6606583389        0.6826813712        0.4046753652
Ni               0.7453176098        0.8716295068        0.4309361489
Ni               0.9145292970        0.1635026086        0.4091334932
Ni               0.9145659880        0.4095721012        0.4065860764
Ni               0.9132383283        0.6600766617        0.3949182429
Ni               0.9178945967        0.9151404886        0.3933050147
Ni               0.0877236926        0.0855740378        0.4580342084
Ni               0.0880528253        0.3358258246        0.4562800149
Ni               0.0855550391        0.5869091190        0.4495957337
Ni               0.0769163035        0.8376298943        0.4502135667
Ni               0.3375559705        0.0844775860        0.4548142865
Ni               0.3333152801        0.3313684958        0.4596897121
Ni               0.3214137269        0.5968002088        0.4594187236
Ni               0.3288705024        0.8428387951        0.4544503250
Ni               0.5835378968        0.0788787651        0.4698391563
Ni               0.5849395433        0.3303040776        0.4629112408
Ni               0.5778637319        0.5933331309        0.4605535819
Ni               0.5799295786        0.8369715891        0.4657084256
Ni               0.8480029218        0.0704829836        0.4666357784
Ni               0.8368014967        0.3345151751        0.4605950820
Ni               0.8378734578        0.5917761687        0.4565180868
Ni               0.8667441841        0.8131643808        0.4797633970
O                0.7077917131        0.4301249566        0.5675524051
O                0.5359443871        0.5810108215        0.5085706030
O                0.5974990098        0.6362230665        0.6283140688
C                0.5912698783        0.5937378234        0.5680653404
C                0.5768423914        0.6647594170        0.5326500504
C                0.6199542897        0.6871311166        0.5953730006
H                0.4804325340        0.5963846105        0.5740064222
H                0.6886480132        0.6565291918        0.5244302434
H                0.4836473202        0.7890169652        0.5311720531
H                0.5365106645        0.8134906929        0.5910501647
H                0.7403350505        0.6677665231        0.5922426267
H                0.8060945357        0.4202637547        0.5592941259
H                0.5550687353        0.4685338441        0.5159509136
H                0.6204995079        0.6908292158        0.6462246919
O                0.5364306708        0.3330279721        0.5100099491
H                0.6135378893        0.2349569140        0.5209100348
