Ni  0.74863285  0.25096108  0.34429416
Ni  0.74879323  0.49988560  0.34444061
Ni  0.74890204  0.74982813  0.34419368
Ni  0.16530378  0.16680132  0.39673746
Ni  0.16678836  0.41594579  0.39760254
Ni  0.16517457  0.66686349  0.39654850
Ni  0.16512655  0.91686510  0.39669030
Ni  0.41494685  0.16748605  0.39673823
Ni  0.41569291  0.41655568  0.39690280
Ni  0.41655027  0.66622895  0.39700863
Ni  0.41564881  0.91667017  0.39644232
Ni  0.66519578  0.16758088  0.39664855
Ni  0.66407097  0.41689319  0.39816356
Ni  0.66492296  0.66530753  0.39737568
Ni  0.66576597  0.91622238  0.39637772
Ni  0.91507519  0.16707998  0.39660740
Ni  0.91543045  0.41663753  0.39667158
Ni  0.91537938  0.66636445  0.39660047
Ni  0.91510166  0.91673265  0.39655826
Ni  0.08144478  0.08413461  0.45004399
Ni  0.08161005  0.33315638  0.45000220
Ni  0.08002243  0.58513094  0.44979799
Ni  0.08033050  0.83500103  0.44976079
Ni  0.33140512  0.08298975  0.44960294
Ni  0.33013297  0.33418711  0.45167259
Ni  0.32665778  0.58894687  0.44869204
Ni  0.32935796  0.83717009  0.44924325
Ni  0.58452779  0.07757967  0.44855633
Ni  0.58284135  0.32973534  0.45141066
Ni  0.58120869  0.58659834  0.45290357
Ni  0.58209991  0.83476910  0.44920057
Ni  0.83400948  0.08156877  0.44939524
Ni  0.83460815  0.33187558  0.44945863
Ni  0.83378153  0.58309821  0.44965233
Ni  0.83240911  0.83250898  0.44979023
O   0.70655663  0.43524263  0.56275130
O   0.55548845  0.57800719  0.50377950
O   0.59982897  0.62937641  0.62563339
C   0.58763732  0.59866149  0.56453212
C   0.57169089  0.67490889  0.52919723
C   0.61588191  0.68791022  0.59305447
H   0.47902927  0.59693022  0.57036143
H   0.67485319  0.68605530  0.52305122
H   0.46748837  0.79110647  0.52759378
H   0.52948302  0.81414038  0.59021841
H   0.73418326  0.67349793  0.58999896
H   0.80900364  0.42735563  0.56199314
H   0.61224217  0.45867501  0.51192572
H   0.61931563  0.68502162  0.64393681
O   0.49009050  0.32682445  0.49436855
H   0.55076587  0.23324014  0.50671254
INTERMEDIATE_IMAGE
ATOMIC_POSITIONS crystal
Ni  0.08333333  0.08333333  0.29108882
Ni  0.08333333  0.33333333  0.29108882
Ni  0.08333333  0.58333333  0.29108882
Ni  0.08333333  0.83333333  0.29108882
Ni  0.33333333  0.08333333  0.29108882
Ni  0.33333333  0.33333333  0.29108882
Ni  0.33333333  0.58333333  0.29108882
Ni  0.33333333  0.83333333  0.29108882
Ni  0.58333333  0.08333333  0.29108882
Ni  0.58333333  0.33333333  0.29108882
Ni  0.58333333  0.58333333  0.29108882
Ni  0.58333333  0.83333333  0.29108882
Ni  0.83333333  0.08333333  0.29108882
Ni  0.83333333  0.33333333  0.29108882
Ni  0.83333333  0.58333333  0.29108882
Ni  0.83333333  0.83333333  0.29108882
Ni  0.49901128  0.00004700  0.34417181
Ni  0.49892691  0.25012430  0.34412223
Ni  0.49907327  0.49988696  0.34421696
Ni  0.99893005  0.74999510  0.34413286
Ni  0.24910428  -0.00003637  0.34416684
Ni  0.24881363  0.25039526  0.34427069
Ni  0.24925046  0.49977320  0.34426598
Ni  0.24936624  0.74977379  0.34417156
Ni  0.49902231  0.00008850  0.34407105
Ni  0.49900675  0.25025335  0.34418550
Ni  0.49931347  0.49990872  0.34446444
Ni  0.49933499  0.74966739  0.34428573
Ni  0.74895771  0.00018552  0.34408089
Ni  0.74858961  0.25072954  0.34431637
Ni  0.74868099  0.49974598  0.34447216
Ni  0.74889765  0.74972731  0.34417486
Ni  0.16521600  0.16657718  0.39672789
Ni  0.16616647  0.41602081  0.39730271
Ni  0.16524477  0.66652048  0.39660148
Ni  0.16512006  0.91650244  0.39671965
Ni  0.41496393  0.16703516  0.39664772
Ni  0.41588765  0.41618854  0.39700163
Ni  0.41639543  0.66593273  0.39701691
Ni  0.41545438  0.91639359  0.39649217
Ni  0.66497073  0.16743867  0.39678493
Ni  0.66384814  0.41685211  0.39818200
Ni  0.66484234  0.66516464  0.39733627
Ni  0.66566960  0.91598741  0.39640994
Ni  0.91488728  0.16688666  0.39657646
Ni  0.91515153  0.41643431  0.39667840
Ni  0.91512883  0.66630421  0.39662230
Ni  0.91504579  0.91645982  0.39655189
Ni  0.08130389  0.08368234  0.44997336
Ni  0.08141953  0.33287926  0.44997120
Ni  0.08016464  0.58424141  0.44981638
Ni  0.08035090  0.83428197  0.44976557
Ni  0.33109479  0.08292932  0.44967545
Ni  0.32961311  0.33339643  0.45089910
Ni  0.32683438  0.58739514  0.44882821
Ni  0.32909066  0.83657985  0.44937356
Ni  0.58348180  0.07813947  0.44873667
Ni  0.58261548  0.32841362  0.45190666
Ni  0.58106281  0.58663813  0.45291899
Ni  0.58192063  0.83474613  0.44918712
Ni  0.83406489  0.08089163  0.44932007
Ni  0.83447334  0.33152968  0.44946338
Ni  0.83359332  0.58286385  0.44964420
Ni  0.83215184  0.83234656  0.44983231
O   0.70438240  0.43416341  0.56209409
O   0.54939137  0.58408177  0.50265723
O   0.59575395  0.63089471  0.62458369
C   0.58783102  0.59833511  0.56340460
C   0.57473636  0.67381552  0.52808210
C   0.61686354  0.68654211  0.59209646
H   0.47759279  0.59944982  0.56897057
H   0.68207387  0.67696011  0.52184938
H   0.47648726  0.79363477  0.52713922
H   0.53353321  0.81332976  0.58895211
H   0.73684421  0.66817726  0.58959309
H   0.80713561  0.42458827  0.56009962
H   0.59345805  0.45323858  0.51049760
H   0.61766382  0.68432541  0.64297400
O   0.51485329  0.32866780  0.49755410
H   0.58742482  0.24115473  0.50968830
INTERMEDIATE_IMAGE
ATOMIC_POSITIONS crystal
Ni  0.08333333  0.08333333  0.29108882
Ni  0.08333333  0.33333333  0.29108882
Ni  0.08333333  0.58333333  0.29108882
Ni  0.08333333  0.83333333  0.29108882
Ni  0.33333333  0.08333333  0.29108882
Ni  0.33333333  0.33333333  0.29108882
Ni  0.33333333  0.58333333  0.29108882
Ni  0.33333333  0.83333333  0.29108882
Ni  0.58333333  0.08333333  0.29108882
Ni  0.58333333  0.33333333  0.29108882
Ni  0.58333333  0.58333333  0.29108882
Ni  0.58333333  0.83333333  0.29108882
Ni  0.83333333  0.08333333  0.29108882
Ni  0.83333333  0.33333333  0.29108882
Ni  0.83333333  0.58333333  0.29108882
Ni  0.83333333  0.83333333  0.29108882
Ni  0.74902419  -0.00017869  0.34416611
Ni  0.74888732  0.24997275  0.34412016
Ni  0.74892674  0.49982877  0.34419173
Ni  0.99899830  0.74981973  0.34415499
Ni  0.24906778  -0.00024414  0.34418775
Ni  0.24882615  0.25015705  0.34421693
Ni  0.24939754  0.49963452  0.34423705
Ni  0.24938927  0.74958790  0.34419137
Ni  0.49902718  -0.00018146  0.34406335
Ni  0.49907743  0.25008140  0.34420315
Ni  0.49931730  0.49975412  0.34448220
Ni  0.49930774  0.74951279  0.34431102
Ni  0.74892466  0.00002257  0.34410716
Ni  0.74854637  0.25049800  0.34433858
Ni  0.74856876  0.49960636  0.34450371
Ni  0.74889326  0.74962648  0.34415604
Ni  0.16512823  0.16635305  0.39671832
Ni  0.16554458  0.41609583  0.39700288
Ni  0.16531497  0.66617746  0.39665447
Ni  0.16511357  0.91613977  0.39674899
Ni  0.41498100  0.16658426  0.39655722
Ni  0.41608239  0.41582141  0.39710045
Ni  0.41624058  0.66563652  0.39702519
Ni  0.41525994  0.91611701  0.39654202
Ni  0.66474567  0.16729646  0.39692131
Ni  0.66362531  0.41681104  0.39820043
Ni  0.66476172  0.66502174  0.39729687
Ni  0.66557324  0.91575244  0.39644216
Ni  0.91469937  0.16669335  0.39654552
Ni  0.91487261  0.41623109  0.39668521
Ni  0.91487828  0.66624398  0.39664413
Ni  0.91498992  0.91618699  0.39654551
Ni  0.08116300  0.08323007  0.44990274
Ni  0.08122901  0.33260214  0.44994020
Ni  0.08030685  0.58335188  0.44983478
Ni  0.08037131  0.83356291  0.44977035
Ni  0.33078445  0.08286889  0.44974797
Ni  0.32909325  0.33260576  0.45012560
Ni  0.32701098  0.58584340  0.44896438
Ni  0.32882337  0.83598960  0.44950388
Ni  0.58243582  0.07869926  0.44891700
Ni  0.58238960  0.32709191  0.45240265
Ni  0.58091693  0.58667793  0.45293441
Ni  0.58174135  0.83472316  0.44917367
Ni  0.83412030  0.08021449  0.44924489
Ni  0.83433854  0.33118379  0.44946814
Ni  0.83340511  0.58262949  0.44963607
Ni  0.83189457  0.83218414  0.44987438
O   0.70220816  0.43308419  0.56143688
O   0.54329429  0.59015634  0.50153496
O   0.59167894  0.63241300  0.62353399
C   0.58802472  0.59800874  0.56227708
C   0.57778183  0.67272216  0.52696696
C   0.61784516  0.68517400  0.59113845
H   0.47615632  0.60196943  0.56757971
H   0.68929455  0.66786493  0.52064753
H   0.48548615  0.79616308  0.52668465
H   0.53758339  0.81251914  0.58768581
H   0.73950516  0.66285658  0.58918722
H   0.80526759  0.42182091  0.55820610
H   0.57467392  0.44780216  0.50906948
H   0.61601201  0.68362921  0.64201120
O   0.53961607  0.33051116  0.50073965
H   0.62408377  0.24906932  0.51266405
LAST_IMAGE
ATOMIC_POSITIONS crystal
Ni  0.08333333  0.08333333  0.29108882
Ni  0.08333333  0.33333333  0.29108882
Ni  0.08333333  0.58333333  0.29108882
Ni  0.08333333  0.83333333  0.29108882
Ni  0.33333333  0.08333333  0.29108882
Ni  0.33333333  0.33333333  0.29108882
Ni  0.33333333  0.58333333  0.29108882
Ni  0.33333333  0.83333333  0.29108882
Ni  0.58333333  0.08333333  0.29108882
Ni  0.58333333  0.33333333  0.29108882
Ni  0.58333333  0.58333333  0.29108882
Ni  0.58333333  0.83333333  0.29108882
Ni  0.83333333  0.08333333  0.29108882
Ni  0.83333333  0.33333333  0.29108882
Ni  0.83333333  0.58333333  0.29108882
Ni  0.83333333  0.83333333  0.29108882
Ni  0.99903710  -0.00040438  0.34416041
Ni  0.99884773  0.24982119  0.34411810
Ni  0.99878022  0.49977058  0.34416651
Ni  0.99906655  0.74964437  0.34417711
Ni  0.24903127  -0.00045192  0.34420865
Ni  0.24883867  0.24991883  0.34416317
Ni  0.24954463  0.49949585  0.34420812
Ni  0.24941230  0.74940200  0.34421119
Ni  0.49903204  -0.00045143  0.34405564
Ni  0.49914810  0.24990945  0.34422081
Ni  0.49932113  0.49959953  0.34449996
Ni  0.49928050  0.74935820  0.34433632
Ni  0.74889161  -0.00014037  0.34413344
Ni  0.74850314  0.25026646  0.34436078
Ni  0.74845652  0.49946673  0.34453525
Ni  0.74888888  0.74952566  0.34413722
Ni  0.16504046  0.16612891  0.39670876
Ni  0.16492270  0.41617085  0.39670305
Ni  0.16538516  0.66583444  0.39670745
Ni  0.16510709  0.91577711  0.39677834
Ni  0.41499807  0.16613337  0.39646671
Ni  0.41627713  0.41545428  0.39719928
Ni  0.41608574  0.66534030  0.39703347
Ni  0.41506551  0.91584043  0.39659186
Ni  0.66452062  0.16715425  0.39705769
Ni  0.66340248  0.41676996  0.39821887
Ni  0.66468109  0.66487885  0.39725746
Ni  0.66547687  0.91551747  0.39647439
Ni  0.91451146  0.16650003  0.39651458
Ni  0.91459369  0.41602786  0.39669203
Ni  0.91462774  0.66618374  0.39666596
Ni  0.91493405  0.91591416  0.39653914
Ni  0.08102211  0.08277780  0.44983212
Ni  0.08103849  0.33232503  0.44990921
Ni  0.08044905  0.58246235  0.44985318
Ni  0.08039171  0.83284385  0.44977513
Ni  0.33047412  0.08280846  0.44982048
Ni  0.32857340  0.33181509  0.44935211
Ni  0.32718758  0.58429167  0.44910055
Ni  0.32855608  0.83539936  0.44963419
Ni  0.58138984  0.07925906  0.44909734
Ni  0.58216373  0.32577020  0.45289865
Ni  0.58077104  0.58671772  0.45294983
Ni  0.58156208  0.83470020  0.44916022
Ni  0.83417571  0.07953736  0.44916972
Ni  0.83420373  0.33083790  0.44947290
Ni  0.83321689  0.58239513  0.44962794
Ni  0.83163729  0.83202172  0.44991645
O   0.70003393  0.43200497  0.56077967
O   0.53719721  0.59623091  0.50041269
O   0.58760393  0.63393130  0.62248429
C   0.58821842  0.59768236  0.56114956
C   0.58082730  0.67162880  0.52585183
C   0.61882679  0.68380589  0.59018044
H   0.47471984  0.60448903  0.56618885
H   0.69651524  0.65876974  0.51944568
H   0.49448504  0.79869138  0.52623009
H   0.54163358  0.81170851  0.58641952
H   0.74216611  0.65753591  0.58878135
H   0.80339956  0.41905355  0.55631258
H   0.55588980  0.44236574  0.50764136
H   0.61436019  0.68293300  0.64104839
O   0.56437885  0.33235451  0.50392519
H   0.66074272  0.25698391  0.51563981
END_POSITIONS
END_ENGINE_INPUT
END
