ATOMIC_POSITIONS crystal
Ni   0.08333333   0.08333333   0.29108882 0 0 0
Ni   0.08333333   0.33333333   0.29108882 0 0 0
Ni   0.08333333   0.58333333   0.29108882 0 0 0
Ni   0.08333333   0.83333333   0.29108882 0 0 0
Ni   0.33333333   0.08333333   0.29108882 0 0 0
Ni   0.33333333   0.33333333   0.29108882 0 0 0
Ni   0.33333333   0.58333333   0.29108882 0 0 0
Ni   0.33333333   0.83333333   0.29108882 0 0 0
Ni   0.58333333   0.08333333   0.29108882 0 0 0
Ni   0.58333333   0.33333333   0.29108882 0 0 0
Ni   0.58333333   0.58333333   0.29108882 0 0 0
Ni   0.58333333   0.83333333   0.29108882 0 0 0
Ni   0.83333333   0.08333333   0.29108882 0 0 0
Ni   0.83333333   0.33333333   0.29108882 0 0 0
Ni   0.83333333   0.58333333   0.29108882 0 0 0
Ni   0.83333333   0.83333333   0.29108882 0 0 0
Ni   0.99924201   0.00029364   0.34419234 0 0 0
Ni   0.99925981   0.25025133   0.34425350 0 0 0
Ni   0.99929099   0.50010608   0.34424713 0 0 0
Ni   0.99935769   0.75009216   0.34421482 0 0 0
Ni   0.24931013   0.00025446   0.34420056 0 0 0
Ni   0.24929586   0.25026447   0.34423811 0 0 0
Ni   0.24930704   0.50020759   0.34427214 0 0 0
Ni   0.24930221   0.75018018   0.34421650 0 0 0
Ni   0.49928727   0.00021513   0.34419393 0 0 0
Ni   0.49923552   0.25033953   0.34427682 0 0 0
Ni   0.49929318   0.50024386   0.34431156 0 0 0
Ni   0.49930014   0.75013686   0.34425704 0 0 0
Ni   0.74917920   0.00027923   0.34418399 0 0 0
Ni   0.74921788   0.25028017   0.34424518 0 0 0
Ni   0.74932430   0.50012977   0.34428047 0 0 0
Ni   0.74929581   0.75017129   0.34421795 0 0 0
Ni   0.16562018   0.16707781   0.39681800 0 0 0
Ni   0.16563110   0.41697731   0.39687833 0 0 0
Ni   0.16563404   0.66702351   0.39685913 0 0 0
Ni   0.16555287   0.91714639   0.39675018 0 0 0
Ni   0.41558300   0.16704810   0.39681799 0 0 0
Ni   0.41555363   0.41714160   0.39691945 0 0 0
Ni   0.41550622   0.66708201   0.39690347 0 0 0
Ni   0.41556129   0.91705079   0.39679896 0 0 0
Ni   0.66551314   0.16710330   0.39683916 0 0 0
Ni   0.66558414   0.41695566   0.39693693 0 0 0
Ni   0.66557808   0.66700993   0.39685820 0 0 0
Ni   0.66549384   0.91713954   0.39677984 0 0 0
Ni   0.91553102   0.16708549   0.39682950 0 0 0
Ni   0.91558014   0.41695936   0.39693458 0 0 0
Ni   0.91560178   0.66694816   0.39681135 0 0 0
Ni   0.91555387   0.91706239   0.39670697 0 0 0
Ni   0.08202749   0.08393902   0.44990516 0 0 0
Ni   0.08203938   0.33387599   0.45004811 0 0 0
Ni   0.08192640   0.58402992   0.44998761 0 0 0
Ni   0.08198765   0.83397763   0.44985102 0 0 0
Ni   0.33205426   0.08377078   0.44995261 0 0 0
Ni   0.33193466   0.33391301   0.45004785 0 0 0
Ni   0.33176356   0.58417504   0.45012249 0 0 0
Ni   0.33191069   0.83405331   0.44995193 0 0 0
Ni   0.58217014   0.08363215   0.44996519 0 0 0
Ni   0.58215475   0.33374816   0.45011785 0 0 0
Ni   0.58202222   0.58404713   0.45005408 0 0 0
Ni   0.58199549   0.83409014   0.44993148 0 0 0
Ni   0.83215276   0.08378006   0.44990711 0 0 0
Ni   0.83218218   0.33372990   0.45010647 0 0 0
Ni   0.83211618   0.58390682   0.45003030 0 0 0
Ni   0.83198266   0.83396516   0.44983470 0 0 0
O    0.71156569   0.48586139   0.51989851
O    0.41798362   0.67796293   0.48646882
O    0.67878208   0.39343544   0.58917372
C    0.56248484   0.53670409   0.53741490
C    0.44201251   0.69579006   0.52237397
C    0.57828337   0.55083612   0.57645217
H    0.52280791   0.44963502   0.53226653
H    0.48306237   0.78254178   0.52454791
H    0.32794594   0.74149173   0.53634161
H    0.46182170   0.60500897   0.58924344
H    0.63035572   0.62714234   0.58082795
H    0.78798243   0.38448024   0.53030313
H    0.36913304   0.15976271   0.51074083
H    0.69077552   0.39887149   0.61404799
O    0.29692228   0.12219428   0.51772899
H    0.19398158   0.20828422   0.51029369
