ATOMIC_POSITIONS (angstrom)
NI               0.0000000000        0.0000000000        1.1900000730    0   0   0
NI               1.2286496050        2.1280835410        1.1900000730    0   0   0
NI               2.4572992100        4.2561670810        1.1900000730    0   0   0
NI               3.6859488150        6.3842506220        1.1900000730    0   0   0
NI               4.9145984200        8.5123341620        1.1900000730    0   0   0
NI               2.4572992100        0.0000000000        1.1900000730    0   0   0
NI               3.6859488150        2.1280835410        1.1900000730    0   0   0
NI               4.9145984200        4.2561670810        1.1900000730    0   0   0
NI               6.1432480250        6.3842506220        1.1900000730    0   0   0
NI               7.3718976300        8.5123341620        1.1900000730    0   0   0
NI               4.9145984200        0.0000000000        1.1900000730    0   0   0
NI               6.1432480250        2.1280835410        1.1900000730    0   0   0
NI               7.3718976300        4.2561670810        1.1900000730    0   0   0
NI               8.6005472350        6.3842506220        1.1900000730    0   0   0
NI               9.8291968400        8.5123341620        1.1900000730    0   0   0
NI               7.3718976300        0.0000000000        1.1900000730    0   0   0
NI               8.6005472350        2.1280835410        1.1900000730    0   0   0
NI               9.8291968400        4.2561670810        1.1900000730    0   0   0
NI              11.0578464450        6.3842506220        1.1900000730    0   0   0
NI              12.2864960500        8.5123341620        1.1900000730    0   0   0
NI               9.8291968400        0.0000000000        1.1900000730    0   0   0
NI              11.0578464450        2.1280835410        1.1900000730    0   0   0
NI              12.2864960500        4.2561670810        1.1900000730    0   0   0
NI              13.5151456550        6.3842506220        1.1900000730    0   0   0
NI              14.7437952600        8.5123341620        1.1900000730    0   0   0
NI               1.2267348825        0.7011157874        3.1974287429
NI               2.4550549077        2.8306846823        3.1996525400
NI               3.6855104966        4.9578129829        3.1979427845
NI               4.9089390177        7.0860421557        3.2057737636
NI               6.1413520691        9.2184077247        3.2066025498
NI               3.6814855883        0.7018273480        3.2012087025
NI               4.9165826660        2.8355235335        3.2038140006
NI               6.1431425086        4.9630901633        3.2158146178
NI               7.3729977804        7.0801971269        3.2120896346
NI               8.5924884627        9.2108601653        3.2098245887
NI               6.1397308549        0.7043356475        3.1966297335
NI               7.3706016412        2.8360977669        3.2080418571
NI               8.5928665151        4.9586633078        3.2085907346
NI               9.8237639069        7.0886927301        3.2000735575
NI              11.0530903079        9.2140818485        3.2004412566
NI               8.6009867917        0.7028320250        3.1978855384
NI               9.8220513359        2.8348948735        3.2037737860
NI              11.0522369986        4.9587260410        3.1966021870
NI              12.2833733607        7.0867784695        3.1996692342
NI              13.5134498604        9.2142622708        3.2018109750
NI              11.0542676561        0.7016500939        3.1996330349
NI              12.2824743717        2.8294841563        3.1985471359
NI              13.5133867181        4.9590424580        3.1978354152
NI              14.7423037399        7.0877370268        3.2011705963
NI              15.9733646755        9.2121263061        3.2092199421
NI               2.4507707418        1.4075011942        5.2074851908
NI               3.6813437984        3.5352603102        5.2051026318
NI               4.9168039616        5.6707469712        5.2228720662
NI               6.1408803635        7.7941043170        5.2155327036
NI               7.3684162892        9.9094171919        5.2336706714
NI               4.9075497782        1.4093145220        5.2107543797
NI               6.1506802975        3.5421299620        5.2370449841
NI               7.3555301202        5.6514344585        5.2667151252
NI               8.5842203082        7.7972023644        5.2358674115
NI               9.8255263477        9.9203839704        5.2084135162
NI               7.3674630634        1.4078453939        5.2046138582
NI               8.5797041857        3.5455502623        5.2429493157
NI               9.8225903353        5.6652203963        5.2038400534
NI              11.0527263381        7.7922578620        5.2088670946
NI              12.2804972969        9.9208426657        5.2143234898
NI               9.8261798390        1.4091816748        5.2050262647
NI              11.0522772522        3.5353608558        5.2063600606
NI              12.2810947256        5.6630784879        5.2050997816
NI              13.5112246801        7.7928219503        5.2103059683
NI              14.7378944179        9.9224271872        5.2074195558
NI              12.2820011522        1.4061792174        5.2083426370
NI              13.5098761062        3.5358125848        5.2066088966
NI              14.7390934421        5.6642500169        5.2070024130
NI              15.9772395586        7.8006482105        5.2341651323
NI              17.1952856014        9.9089794432        5.2325188796
NI              -0.0047037603        0.0238123999        7.2020364572
NI               1.2252069591        2.1215478338        7.2243489345
NI               2.4423151514        4.2374557133        7.2281470014
NI               3.6435736281        6.3554547329        7.2036880949
NI               4.8639659646        8.5284364443        7.3290605057
NI               2.4622830147        0.0020172274        7.2187805857
NI               3.6815529394        2.1156168739        7.2302558457
NI               4.8821511665        4.2366133407        7.1942222095
NI               6.1180771789        6.3452353755        7.2799936082
NI               7.4129206347        8.5269792581        7.3327031131
NI               4.9114779672       -0.0122720808        7.2309319117
NI               6.1317707351        2.0952556402        7.2023445010
NI               7.3755056144        4.2307108339        7.4059932161
NI               8.6371285193        6.3628285507        7.1947932537
NI               9.8423448660        8.5036959646        7.2200752786
NI               7.3635225044       -0.0138886957        7.2305960762
NI               8.5975436269        2.0981095061        7.2051246781
NI               9.8424183967        4.2415112390        7.2096035976
NI              11.0633939034        6.3712070420        7.2267482290
NI              12.2825444693        8.5024253521        7.2295604197
NI               9.8150674857       -0.0020167799        7.2224516273
NI              11.0468942044        2.1214375908        7.2264246107
NI              12.2828181144        4.2422407852        7.2226850490
NI              13.5013822904        6.3705557780        7.2223338100
NI              14.7224360697        8.5028131772        7.2180640915
C                7.9094438540        3.7735924764       10.3017785097
C                7.3269363608        3.4582882899       11.6504307345
C                7.9737856466        4.3478392706       12.7482807430
C                8.0771201145        3.6299408922       14.1094628141
C                8.2855216153        4.6345688017       15.2594392200
C                8.6232031526        3.9611210926       16.5922391377
O                7.1423671478        4.1290803865        9.3940764107
O                5.9242406340        3.6005564815       11.6599373172
O                9.2723671385        4.7318774893       12.2937569603
O                6.8899059976        2.8777578738       14.3270495676
O                9.3938579299        5.5006519756       14.9229253312
O                7.5084169311        3.1483518733       17.0069752817
H                8.9850220962        3.6368896898       10.1151020801
H                7.6065635889        2.4000739973       11.8489394491
H                7.3022795882        5.2219940774       12.8415365661
H                8.9672366989        2.9685155407       14.0496330427
H                7.3517028850        5.2151293214       15.3579425927
H                9.5336959528        3.3535366383       16.4563864749
H                8.8336904939        4.7401458293       17.3462882408
H                5.6524725744        3.7801162700       10.7351049179
H                9.6799591707        5.2281788079       13.0325511680
H                6.8658023007        2.6359300916       15.2756184169
H                9.2916599097        6.3444393693       15.3924313519
H                7.7842080466        2.5905028706       17.7523391556
O                6.1361178603        7.7841391903        8.6390059578
H                6.0995327364        7.7977754608        9.6083053620
