ATOMIC_POSITIONS (angstrom)
NI               2.8568593560        1.4508721950        3.0000001930    0   0   0
NI               5.7137187120        1.4508721950        3.0000001930    0   0   0
NI               8.5705780690        1.4508721950        3.0000001930    0   0   0
NI              11.4274374250        1.4508721950        3.0000001930    0   0   0
NI               4.2852890340        3.6271804860        3.0000001930    0   0   0
NI               7.1421483910        3.6271804860        3.0000001930    0   0   0
NI               9.9990077470        3.6271804860        3.0000001930    0   0   0
NI              12.8558671030        3.6271804860        3.0000001930    0   0   0
NI               5.7137187120        5.8034887780        3.0000001930    0   0   0
NI               8.5705780690        5.8034887780        3.0000001930    0   0   0
NI              11.4274374250        5.8034887780        3.0000001930    0   0   0
NI              14.2842967810        5.8034887780        3.0000001930    0   0   0
NI               7.1421483910        7.9797970700        3.0000001930    0   0   0
NI               9.9990077470        7.9797970700        3.0000001930    0   0   0
NI              12.8558671030        7.9797970700        3.0000001930    0   0   0
NI              15.7127264590        7.9797970700        3.0000001930    0   0   0
NI               1.4764055101        0.9352477537        4.7513257295
NI               4.3334475220        0.9352030252        4.7512283257
NI               7.1902950312        0.9351433972        4.7512536360
NI              10.0468573792        0.9351705365        4.7513536513
NI               2.8717867692        3.0462783541        4.8718301532
NI               5.7286539245        3.0461602622        4.8717971408
NI               8.5854319813        3.0461364720        4.8718123087
NI              11.4422746783        3.0462332251        4.8718442173
NI               4.2392178294        5.1621489217        4.8378289456
NI               7.0961215552        5.1620013870        4.8378307100
NI               9.9530640928        5.1621612786        4.8377687128
NI              12.8099158170        5.1622496535        4.8377745825
NI               5.6893833273        7.2341518702        4.8914841716
NI               8.5463309914        7.2342118740        4.8914878394
NI              11.4033650089        7.2343038221        4.8914068745
NI              14.2599419435        7.2342841242        4.8913987654
AG               1.3864437224        2.7091021534        7.1620331272
AG               4.2432700107        2.7090538850        7.1619519770
AG               7.1001584305        2.7090387935        7.1620230910
AG               9.9570211441        2.7091101746        7.1619015155
AG               2.7501319289        5.1894331499        7.0721712804
AG               5.6070192279        5.1894110239        7.0720675870
AG               8.4638799587        5.1894564878        7.0721530118
AG              11.3207268479        5.1894304402        7.0721009920
AG               3.9113312083        7.2378152502        8.4478028720
AG               6.7681083521        7.2378766823        8.4478464186
AG               9.6249459083        7.2379084651        8.4477299350
AG              12.4817907791        7.2378421055        8.4477473811
AG               5.1137605324        8.9138028203        6.7550935258
AG               7.9706627445        8.9137987051        6.7551746589
AG              10.8276052961        8.9137671067        6.7551806193
AG              13.6844528688        8.9137221001        6.7551530784
AG               2.7491957813        1.1985532540        9.3371914450
AG               5.6060474272        1.1985142427        9.3372213575
AG               8.4629473102        1.1985458172        9.3373007857
AG              11.3197824239        1.1985533133        9.3371625728
AG               4.0660019756        3.3181277992       10.5340595527
AG               6.9228966228        3.3181360532       10.5340305751
AG               9.7797720817        3.3181630116       10.5340719579
AG              12.6365889263        3.3181665215       10.5340063551
AG               5.3799916084        5.7413989990       10.5006174315
AG               8.2368576375        5.7413954925       10.5006471604
AG              11.0937144489        5.7414144220       10.5006556316
AG              13.9505855535        5.7414283004       10.5006907430
AG               6.5408609227        8.2118991333       11.1293997587
AG               9.3977026982        8.2118832448       11.1294397588
AG              12.2545538885        8.2119253047       11.1294357862
AG              15.1114719697        8.2119501550       11.1294899437
