ATOMIC_POSITIONS (angstrom)
Ni               1.2286497520        0.7093615510       11.2500000000    0   0   0
Ni               2.4572990100        2.8374462050       11.2500000000    0   0   0
Ni               3.6859482670        4.9655308580       11.2500000000    0   0   0
Ni               4.9145975240        7.0936155120       11.2500000000    0   0   0
Ni               3.6859497520        0.7093615510       11.2500000000    0   0   0
Ni               4.9145990100        2.8374462050       11.2500000000    0   0   0
Ni               6.1432482670        4.9655308580       11.2500000000    0   0   0
Ni               7.3718975240        7.0936155120       11.2500000000    0   0   0
Ni               6.1432497520        0.7093615510       11.2500000000    0   0   0
Ni               7.3718990100        2.8374462050       11.2500000000    0   0   0
Ni               8.6005482670        4.9655308580       11.2500000000    0   0   0
Ni               9.8291975240        7.0936155120       11.2500000000    0   0   0
Ni               8.6005497520        0.7093615510       11.2500000000    0   0   0
Ni               9.8291990100        2.8374462050       11.2500000000    0   0   0
Ni              11.0578482670        4.9655308580       11.2500000000    0   0   0
Ni              12.2864975240        7.0936155120       11.2500000000    0   0   0
Ni               0.0013393478        0.0029708946       13.2994007988
Ni               1.2172101799        2.1304706373       13.2770981685
Ni               2.4452004094        4.2687263231       13.2644784750
Ni              13.5169767964        6.3851816267       13.2985502423
Ni               2.4549742923       -0.0107805062       13.2815681336
Ni               3.6847092366        2.1261175795       13.2385188338
Ni               4.9264461373        4.2691497284       13.2663130608
Ni               6.1484881726        6.3842669334       13.3110018339
Ni               4.9145680387       -0.0102704905       13.2782890144
Ni               6.1536887955        2.1321884756       13.2737538986
Ni               7.3821985316        4.2641867452       13.3059790538
Ni               8.5991037946        6.3821021824       13.3118592149
Ni               7.3727738277        0.0025308215       13.2951385521
Ni               8.6022427394        2.1354887166       13.3119716296
Ni               9.8180772765        4.2633439497       13.3021845287
Ni              11.0525990975        6.3841241648       13.3054400452
Cu               2.4601263159        1.4209503875       15.3080301820
Cu               3.6863327877        3.5546746434       15.2743122103
Cu               4.9155570384        5.6751377242       15.3809588707
Cu               6.1427117049        7.8087885528       15.3732195485
Cu               4.9099110085        1.4243703974       15.3086125736
Cu               6.1505314067        3.5580519088       15.3285500284
Cu               7.3787005699        5.6731739124       15.4193638198
Cu               8.5997028060        7.8111464973       15.3610279174
Cu               7.3692660775        1.4265816303       15.3671817229
Cu               8.5995550783        3.5621911837       15.4232010878
Cu               9.8173138286        5.6753133420       15.4056848728
Cu              11.0588785130        7.8131122160       15.3621258125
Cu               9.8319663001        1.4279061500       15.3812912100
Cu              11.0484552762        3.5581385081       15.3239156771
Cu              12.2884412222        5.6765678445       15.3718451978
Cu              13.5140242634        7.8087120758       15.3602552133
Cu               1.2191751483        0.7183758139       17.5751048864
Cu               2.4382947407        2.8644979305       17.4047442842
Cu               3.6839486575        4.9743432273       17.6071375189
Cu               4.9126872784        7.0997527022       17.5360345727
Cu               3.6836257385        0.7207673889       17.5446994318
Cu               4.9307658977        2.8737571999       17.4037292603
Cu               6.1449207459        4.9747240209       17.5777577173
Cu               7.3790670861        7.1039281791       17.5395280585
Cu               6.1502680991        0.7229828559       17.5610104798
Cu               7.3674253434        2.8559495778       17.5384425356
Cu               8.6163103377        4.9937343845       18.1232414403
Cu               9.8274396648        7.1067015587       17.5105178737
Cu               8.5978218236        0.7297208841       17.5489641242
Cu               9.8389575350        2.8591808962       17.5790334056
Cu              11.0576341839        4.9690611591       17.5330904723
Cu              12.2796433194        7.0993470640       17.5420793525
O                9.2320016849        3.5160763172       22.3296751401
O                8.3160435327        4.6926647227       19.9196877984
O                8.8142619340        5.2832995526       24.6467784815
C                8.7058494650        4.8450479120       22.2858490116
C                8.8961005826        5.5043743147       20.9183357510
C                9.2865379262        5.7337838254       23.3767555320
H                7.6250498353        4.7317725705       22.4454152433
H                9.9784512105        5.6782248420       20.7516837756
H                8.4410056047        6.5153840143       20.9541074146
H                8.9891889313        6.7809173943       23.1846614363
H               10.3919239613        5.6816638267       23.3099674811
H               10.2045827224        3.5748341764       22.3270852431
H                2.9125244861        2.0974878513       20.1933889861
H                9.2306588999        5.8158784107       25.3486098095
O                3.7533644108        1.6848045503       19.9123834736
H                4.4715529770        2.3309166007       20.0968953162
