&CONTROL
 calculation = 'relax'
 forc_conv_thr = 1d-3
 nstep = 200
 outdir = './output/'
 prefix = 'wm'
 pseudo_dir = '/home/node1/PSP/PseudosP/pslibrary-master/pbe/PSEUDOPOTENTIALS/'
 restart_mode = 'from_scratch'
 tprnfor = .true.
 verbosity = 'high'
 wf_collect = .true.
/

&SYSTEM
 ibrav = 0
 nat = 80
 ntyp = 5

 ecutwfc = 50
 ecutrho = 400

 occupations = 'smearing'
 degauss = 0.02

 nspin = 2
 starting_magnetization(1) = 0.5


 nosym = .false.
 noinv = .false.
 noncolin = .false.

 vdw_corr = 'grimme-d3'
/

&ELECTRONS
 conv_thr = 1.0d-7
 electron_maxstep = 200
 mixing_beta = 0.1
 mixing_mode = 'plain'
 scf_must_converge = .true.
 !startingwfc = 'random'
/

&IONS
 ion_dynamics = 'bfgs'
 upscale = 100
/


ATOMIC_SPECIES
NI 58.7    Ni.pbe-n-rrkjus_psl.1.0.0.UPF
CU 63.546  Cu.pbe-dn-rrkjus_psl.1.0.0.UPF
O  15.9994 O.pbe-n-rrkjus_psl.1.0.0.UPF
C  12.011  C.pbe-n-rrkjus_psl.1.0.0.UPF
H  1.00797 H.pbe-rrkjus_psl.1.0.0.UPF

K_POINTS gamma
!3 3 1 0 0 0

CELL_PARAMETERS {angstrom}
  9.829200000   0.000000000   0.000000000
  4.914597029   8.512338614   0.000000000
  0.000000000   0.000000000  38.705865308

ATOMIC_POSITIONS {angstrom}
NI   1.228649752   0.709361551  11.250000000 0 0 0
NI   2.457299010   2.837446205  11.250000000 0 0 0
NI   3.685948267   4.965530858  11.250000000 0 0 0
NI   4.914597524   7.093615512  11.250000000 0 0 0
NI   3.685949752   0.709361551  11.250000000 0 0 0
NI   4.914599010   2.837446205  11.250000000 0 0 0
NI   6.143248267   4.965530858  11.250000000 0 0 0
NI   7.371897524   7.093615512  11.250000000 0 0 0
NI   6.143249752   0.709361551  11.250000000 0 0 0
NI   7.371899010   2.837446205  11.250000000 0 0 0
NI   8.600548267   4.965530858  11.250000000 0 0 0
NI   9.829197524   7.093615512  11.250000000 0 0 0
NI   8.600549752   0.709361551  11.250000000 0 0 0
NI   9.829199010   2.837446205  11.250000000 0 0 0
NI  11.057848267   4.965530858  11.250000000 0 0 0
NI  12.286497524   7.093615512  11.250000000 0 0 0
NI   0.000000000   0.000000000  13.256285714 1 1 1
NI   1.228649257   2.128084654  13.256285714 1 1 1
NI   2.457298514   4.256169307  13.256285714 1 1 1
NI  13.515147771   6.384253961  13.256285714 1 1 1
NI   2.457300000   0.000000000  13.256285714 1 1 1
NI   3.685949257   2.128084654  13.256285714 1 1 1
NI   4.914598514   4.256169307  13.256285714 1 1 1
NI   6.143247771   6.384253961  13.256285714 1 1 1
NI   4.914600000   0.000000000  13.256285714 1 1 1
NI   6.143249257   2.128084654  13.256285714 1 1 1
NI   7.371898514   4.256169307  13.256285714 1 1 1
NI   8.600547771   6.384253961  13.256285714 1 1 1
NI   7.371900000   0.000000000  13.256285714 1 1 1
NI   8.600549257   2.128084654  13.256285714 1 1 1
NI   9.829198514   4.256169307  13.256285714 1 1 1
NI  11.057847771   6.384253961  13.256285714 1 1 1
CU   2.457299505   1.418723102  15.262285714 1 1 1
CU   3.685948762   3.546807756  15.262285714 1 1 1
CU   4.914598019   5.674892410  15.262285714 1 1 1
CU   6.143247276   7.802977063  15.262285714 1 1 1
CU   4.914599505   1.418723102  15.262285714 1 1 1
CU   6.143248762   3.546807756  15.262285714 1 1 1
CU   7.371898019   5.674892410  15.262285714 1 1 1
CU   8.600547276   7.802977063  15.262285714 1 1 1
CU   7.371899505   1.418723102  15.262285714 1 1 1
CU   8.600548762   3.546807756  15.262285714 1 1 1
CU   9.829198019   5.674892410  15.262285714 1 1 1
CU  11.057847276   7.802977063  15.262285714 1 1 1
CU   9.829199505   1.418723102  15.262285714 1 1 1
CU  11.057848762   3.546807756  15.262285714 1 1 1
CU  12.286498019   5.674892410  15.262285714 1 1 1
CU  13.515147276   7.802977063  15.262285714 1 1 1
CU   1.228649752   0.709361551  17.327619048 1 1 1
CU   2.457299010   2.837446205  17.327619048 1 1 1
CU   3.685948267   4.965530858  17.327619048 1 1 1
CU   4.914597524   7.093615512  17.327619048 1 1 1
CU   3.685949752   0.709361551  17.327619048 1 1 1
CU   4.914599010   2.837446205  17.327619048 1 1 1
CU   6.143248267   4.965530858  17.327619048 1 1 1
CU   7.371897524   7.093615512  17.327619048 1 1 1
CU   6.143249752   0.709361551  17.327619048 1 1 1
CU   7.371899010   2.837446205  17.327619048 1 1 1
CU   8.600548267   4.965530858  17.327619048 1 1 1
CU   9.829197524   7.093615512  17.327619048 1 1 1
CU   8.600549752   0.709361551  17.327619048 1 1 1
CU   9.829199010   2.837446205  17.327619048 1 1 1
CU  11.057848267   4.965530858  17.327619048 1 1 1
CU  12.286497524   7.093615512  17.327619048 1 1 1
O   9.137039528   3.624262499  21.740417816 1 1 1
O   8.650198368   4.969169678  19.365187759 1 1 1
O   8.648687970   4.963870262  24.176965516 1 1 1
C   8.631658461   4.961189119  21.764033395 1 1 1
C   9.123326864   5.671565183  20.509507560 1 1 1
C   9.131804996   5.651390687  23.027674015 1 1 1
H   7.539843241   4.876980809  21.767347862 1 1 1
H  10.216985072   5.692314014  20.456476084 1 1 1
H   8.748428523   6.698217067  20.462276402 1 1 1
H   8.780533607   6.687172045  23.071176397 1 1 1
H  10.226052984   5.640601293  23.074076556 1 1 1
H  10.108471634   3.670292970  21.742489358 1 1 1
H   8.985509567   4.058072789  19.423190935 1 1 1
H   8.988716828   5.437007245  24.955865308 1 1 1
O   3.685949257   2.128084654  18.677619048 1 1 1
H   3.685949257   2.128084654  19.657619048 1 1 1