ATOMIC_POSITIONS (crystal)
Ni               0.0833333300        0.0833333300        0.2910888200    0   0   0
Ni               0.0833333300        0.3333333300        0.2910888200    0   0   0
Ni               0.0833333300        0.5833333300        0.2910888200    0   0   0
Ni               0.0833333300        0.8333333300        0.2910888200    0   0   0
Ni               0.3333333300        0.0833333300        0.2910888200    0   0   0
Ni               0.3333333300        0.3333333300        0.2910888200    0   0   0
Ni               0.3333333300        0.5833333300        0.2910888200    0   0   0
Ni               0.3333333300        0.8333333300        0.2910888200    0   0   0
Ni               0.5833333300        0.0833333300        0.2910888200    0   0   0
Ni               0.5833333300        0.3333333300        0.2910888200    0   0   0
Ni               0.5833333300        0.5833333300        0.2910888200    0   0   0
Ni               0.5833333300        0.8333333300        0.2910888200    0   0   0
Ni               0.8333333300        0.0833333300        0.2910888200    0   0   0
Ni               0.8333333300        0.3333333300        0.2910888200    0   0   0
Ni               0.8333333300        0.5833333300        0.2910888200    0   0   0
Ni               0.8333333300        0.8333333300        0.2910888200    0   0   0
Ni               0.9990371000       -0.0004043800        0.3441604100
Ni               0.9988477300        0.2498211900        0.3441181000
Ni               0.9987802200        0.4997705800        0.3441665100
Ni               0.9990665500        0.7496443700        0.3441771100
Ni               0.2490312700       -0.0004519200        0.3442086500
Ni               0.2488386700        0.2499188300        0.3441631700
Ni               0.2495446300        0.4994958500        0.3442081200
Ni               0.2494123000        0.7494020000        0.3442111900
Ni               0.4990320400       -0.0004514300        0.3440556400
Ni               0.4991481000        0.2499094500        0.3442208100
Ni               0.4993211300        0.4995995300        0.3444999600
Ni               0.4992805000        0.7493582000        0.3443363200
Ni               0.7488916100       -0.0001403700        0.3441334400
Ni               0.7485031400        0.2502664600        0.3443607800
Ni               0.7484565200        0.4994667300        0.3445352500
Ni               0.7488888800        0.7495256600        0.3441372200
Ni               0.1650404600        0.1661289100        0.3967087600
Ni               0.1649227000        0.4161708500        0.3967030500
Ni               0.1653851600        0.6658344400        0.3967074500
Ni               0.1651070900        0.9157771100        0.3967783400
Ni               0.4149980700        0.1661333700        0.3964667100
Ni               0.4162771300        0.4154542800        0.3971992800
Ni               0.4160857400        0.6653403000        0.3970334700
Ni               0.4150655100        0.9158404300        0.3965918600
Ni               0.6645206200        0.1671542500        0.3970576900
Ni               0.6634024800        0.4167699600        0.3982188700
Ni               0.6646810900        0.6648788500        0.3972574600
Ni               0.6654768700        0.9155174700        0.3964743900
Ni               0.9145114600        0.1665000300        0.3965145800
Ni               0.9145936900        0.4160278600        0.3966920300
Ni               0.9146277400        0.6661837400        0.3966659600
Ni               0.9149340500        0.9159141600        0.3965391400
Ni               0.0810221100        0.0827778000        0.4498321200
Ni               0.0810384900        0.3323250300        0.4499092100
Ni               0.0804490500        0.5824623500        0.4498531800
Ni               0.0803917100        0.8328438500        0.4497751300
Ni               0.3304741200        0.0828084600        0.4498204800
Ni               0.3285734000        0.3318150900        0.4493521100
Ni               0.3271875800        0.5842916700        0.4491005500
Ni               0.3285560800        0.8353993600        0.4496341900
Ni               0.5813898400        0.0792590600        0.4490973400
Ni               0.5821637300        0.3257702000        0.4528986500
Ni               0.5807710400        0.5867177200        0.4529498300
Ni               0.5815620800        0.8347002000        0.4491602200
Ni               0.8341757100        0.0795373600        0.4491697200
Ni               0.8342037300        0.3308379000        0.4494729000
Ni               0.8332168900        0.5823951300        0.4496279400
Ni               0.8316372900        0.8320217200        0.4499164500
O                0.7000339300        0.4320049700        0.5607796700
O                0.5371972100        0.5962309100        0.5004126900
O                0.5876039300        0.6339313000        0.6224842900
C                0.5882184200        0.5976823600        0.5611495600
C                0.5808273000        0.6716288000        0.5258518300
C                0.6188267900        0.6838058900        0.5901804400
H                0.4747198400        0.6044890300        0.5661888500
H                0.6965152400        0.6587697400        0.5194456800
H                0.4944850400        0.7986913800        0.5262300900
H                0.5416335800        0.8117085100        0.5864195200
H                0.7421661100        0.6575359100        0.5887813500
H                0.8033995600        0.4190535500        0.5563125800
H                0.5558898000        0.4423657400        0.5076413600
H                0.6143601900        0.6829330000        0.6410483900
O                0.5643788500        0.3323545100        0.5039251900
H                0.6607427200        0.2569839100        0.5156398100
