ATOMIC_POSITIONS (angstrom)
NI               1.2254504230        0.7101865830        1.4556095020    0   0   0
NI               2.4444040200        2.8214761450        1.4556095020    0   0   0
NI               3.6633576180        4.9327657080        1.4556095020    0   0   0
NI               4.8823112150        7.0440552710        1.4556095020    0   0   0
NI               6.1012648120        9.1553448320        1.4556095020    0   0   0
NI               7.3202184090       11.2666343950        1.4556095020    0   0   0
NI               3.6633576170        0.7101865830        1.4556095020    0   0   0
NI               4.8823112140        2.8214761450        1.4556095020    0   0   0
NI               6.1012648110        4.9327657080        1.4556095020    0   0   0
NI               7.3202184090        7.0440552710        1.4556095020    0   0   0
NI               8.5391720050        9.1553448320        1.4556095020    0   0   0
NI               9.7581256030       11.2666343950        1.4556095020    0   0   0
NI               6.1012648120        0.7101865830        1.4556095020    0   0   0
NI               7.3202184090        2.8214761450        1.4556095020    0   0   0
NI               8.5391720060        4.9327657080        1.4556095020    0   0   0
NI               9.7581256040        7.0440552710        1.4556095020    0   0   0
NI              10.9770792000        9.1553448320        1.4556095020    0   0   0
NI              12.1960327980       11.2666343950        1.4556095020    0   0   0
NI               8.5391720070        0.7101865830        1.4556095020    0   0   0
NI               9.7581256040        2.8214761450        1.4556095020    0   0   0
NI              10.9770792010        4.9327657080        1.4556095020    0   0   0
NI              12.1960327990        7.0440552710        1.4556095020    0   0   0
NI              13.4149863960        9.1553448320        1.4556095020    0   0   0
NI              14.6339399930       11.2666343950        1.4556095020    0   0   0
NI              10.9770792000        0.7101865830        1.4556095020    0   0   0
NI              12.1960327970        2.8214761450        1.4556095020    0   0   0
NI              13.4149863950        4.9327657080        1.4556095020    0   0   0
NI              14.6339399920        7.0440552710        1.4556095020    0   0   0
NI              15.8528935890        9.1553448320        1.4556095020    0   0   0
NI              17.0718471870       11.2666343950        1.4556095020    0   0   0
NI              13.4149863960        0.7101865830        1.4556095020    0   0   0
NI              14.6339399920        2.8214761450        1.4556095020    0   0   0
NI              15.8528935900        4.9327657080        1.4556095020    0   0   0
NI              17.0718471870        7.0440552710        1.4556095020    0   0   0
NI              18.2908007840        9.1553448320        1.4556095020    0   0   0
NI              19.5097543820       11.2666343950        1.4556095020    0   0   0
NI              13.4528232441        7.7654592498        3.3954485787
NI              14.6473012516        9.8308228597        3.3958057060
NI              15.8381274228        7.7680436028        3.3889689912
NI              12.2465384623        9.8335115834        3.4179000331
NI              14.6432747253        5.6899396814        3.4209792682
NI              17.0351312253        9.8335067587        3.4140850451
NI              11.0279958264        7.7550219070        3.4368856357
NI              13.4426306420       11.9241775259        3.4383868273
NI              12.2323317651        5.6739919893        3.4369063646
NI              15.8426986502       11.9194102853        3.4280785065
NI              17.0471011624        5.6823847750        3.4319857148
NI              18.2424571287        7.7600149147        3.4285943724
NI               9.7970509773        9.8422963750        3.4676672942
NI              11.0140528886       11.9446512410        3.4627667391
NI              13.4246085666        3.5691839408        3.4636122031
NI              18.2540958894       11.9347603448        3.4521314923
NI              15.8502199190        3.5742390128        3.4559345192
NI              19.4625808128        9.8400595866        3.4486918245
NI               4.8469532948        5.6618327133        3.4526930106
NI               7.3255679879        1.3740049713        3.4586587435
NI               9.7871701159        5.6514923388        3.4692952896
NI               3.6529164682        3.5558330876        3.4733513382
NI               6.0651090203        7.7492428828        3.4656332218
NI               4.8995945476        1.3960326733        3.4766637215
NI               8.5522934497        7.7452992255        3.4777330857
NI               9.7454744430        1.3830119695        3.4691846264
NI              10.9885482171        3.5414481169        3.4762108321
NI               2.4553109323        1.4256359091        3.4826878601
NI               7.3068228634        9.8444235806        3.4863883297
NI              12.1816637902        1.4123329883        3.4825718233
NI               6.0945689205        3.5248515895        3.4816003754
NI               7.3102688811        5.6442709397        3.4828662343
NI               8.5430882221        3.5163901879        3.4883417453
NI               8.5508953687       11.9605187549        3.4939130864
NI              14.6306197605        1.4337631040        3.4873860265
NI              20.7024297965       11.9552476847        3.4793056057
AG              -0.0998967928       -0.0065583070        5.7755495311
AG               5.7738592084        5.0335507970        5.7801445463
AG               7.2092236629        2.5448851732        5.7758543997
AG               8.6500421780        5.0474817739        5.7673739265
AG               1.3527733463        2.4769604571        5.7863508504
AG               5.7874249729       10.1530980171        5.8056742365
AG               2.7826361967        0.0089467574        5.7827140246
AG               8.6468785159       10.1493886390        5.7858143460
AG              11.6323856433        0.0179036880        5.8028483379
AG              13.0582769687        2.4957949816        5.7964247024
AG               4.2786215559        2.5083390393        5.7996670006
AG               7.2133994412        7.5887608390        5.7983524379
AG              10.1317689527        2.5370406004        5.7900386379
AG               2.8533548331        4.9923251024        5.8229769333
AG               4.3492381798        7.5744388682        5.8289861130
AG               5.7141220778        0.0405695163        5.8133980900
AG              10.0648513043        7.5818428955        5.7934208698
AG               8.6841444033        0.0429162279        5.8179135913
AG              11.5521853891        5.0231750905        5.7989140321
AG              11.5292898967       10.1798883692        5.8059780921
AG              14.5213563716        4.9809145391        5.8228724841
AG              17.4977390279       10.1535148545        5.8487252136
AG              13.0079847549        7.5636746452        5.8367760524
AG              14.5036656482       10.1601266801        5.8506301644
AG              16.0284079192        7.5401527325        5.8468248323
AG               5.7416891424        3.3621646097        8.0965378694
AG               7.2089809198        5.9070853706        8.1014559900
AG               8.6660564225        3.3687068578        8.0943248230
AG               4.2916924483        5.8893201590        8.1105494808
AG               7.2055099399        0.8440655828        8.1077243107
AG              10.1183955342        5.8973292546        8.0905144237
AG               1.3459288897        0.8320577517        8.1200574395
AG               7.2050706550       10.9853077217        8.1274141947
AG              13.0686795530        0.8309879744        8.1172211124
AG               2.8142970373        3.3433964897        8.1194803841
AG               5.7489735992        8.4519159118        8.1270073775
AG               4.2645576011        0.8255176711        8.1215232121
AG               8.6390450171        8.4520292522        8.1086458912
AG              10.1413635896        0.8431666570        8.1113709984
AG              11.5993345273        3.3608105199        8.1118054508
AG              11.5465989851        8.4611422303        8.0431970788
AG              13.0471477151       10.9836085588        8.1098045169
AG              13.0590249589        5.8794924146        8.0940548135
AG              15.9923245898       10.9756585821        8.1255362961
AG              15.9887408617        5.8744350464        8.1307233110
AG              17.4700450582        8.4315367689        8.1252778200
AG              10.1040824942       10.9971477472        8.1129872997
AG              14.5266884669        3.3422553511        8.1239153590
AG              18.9303349294       10.9853573789        8.1313602622
AG              14.5418374969        8.4226176482        8.0789620929
O               11.5442728752        8.4232437677       10.5215106731
H               13.5921354321        8.4847054339       10.5965606191
C               12.6316501312        8.1435304755       11.0264229784
H               10.7617575385        7.3108447230       11.9303210116
O               11.3542658839        6.8639929638       12.5785818618
C               12.6527597751        7.3667601917       12.3036232530
H               13.3690909785        6.5323544002       12.2278705925
O               14.4033389042        8.8244210970       12.9558538742
C               13.1519775603        8.3327543695       13.4150005107
H               12.3975556638        9.1407828875       13.5083957594
H               14.8969214298        9.1323599056       13.7519863330
H               14.0335326214        6.8269892502       14.6775666432
C               13.2570288243        7.6128537734       14.7724620593
O               12.0083413976        7.0428176064       15.1725520584
O               14.9966896614        9.0526723776       15.5526780669
C               13.6768127054        8.5680145319       15.8998097452
H               11.4889373535        6.8363759061       14.3625387823
H               12.9503420366        9.4002183082       15.9411169023
H               15.2745465648        9.7058131910       16.2164904684
H               14.3282233708        6.9573655664       17.1845947320
C               13.7191129851        7.8780467498       17.2707024405
O               12.4340458393        7.6261355583       17.8153782610
H               14.2360406502        8.5471942714       17.9780229457
H               11.9249186301        7.1808915209       17.1087108706
