ATOMIC_POSITIONS (angstrom)
NI               0.0097201610        0.0011586850        1.9994538050    0   0   0
NI               1.2383701610        2.1292429100        1.9994538050    0   0   0
NI               2.4670201610        4.2573271340        1.9994538050    0   0   0
NI               3.6956701610        6.3854113590        1.9994538050    0   0   0
NI               2.4670201610        0.0011586850        1.9994538050    0   0   0
NI               3.6956701610        2.1292429100        1.9994538050    0   0   0
NI               4.9243201610        4.2573271340        1.9994538050    0   0   0
NI               6.1529701610        6.3854113590        1.9994538050    0   0   0
NI               4.9243201610        0.0011586850        1.9994538050    0   0   0
NI               6.1529701610        2.1292429100        1.9994538050    0   0   0
NI               7.3816201610        4.2573271340        1.9994538050    0   0   0
NI               8.6102701610        6.3854113590        1.9994538050    0   0   0
NI               7.3816201610        0.0011586850        1.9994538050    0   0   0
NI               8.6102701610        2.1292429100        1.9994538050    0   0   0
NI               9.8389201610        4.2573271340        1.9994538050    0   0   0
NI              11.0675701610        6.3854113590        1.9994538050    0   0   0
NI               1.2401781803        0.7106666660        4.0239151268
NI               2.4636208384        2.8385216455        4.0187209459
NI               3.6941168722        4.9663035744        4.0159811786
NI               4.9251618553        7.0959006793        4.0185423265
NI               3.6898337967        0.7064006357        4.0090856671
NI               4.9082220280        2.8288734241        3.9838555370
NI               6.1505298481        4.9725243683        3.9971581900
NI               7.3802523761        7.1148877528        3.9870880425
NI               6.1506963540        0.7120004353        4.0157002190
NI               7.3810596370        2.8344585985        4.0002194890
NI               8.6128397747        4.9692754070        4.0016888355
NI               9.8375693959        7.0956615415        4.0158136000
NI               8.6141143071        0.7097932226        4.0096615064
NI               9.8517928538        2.8318302483        3.9999212725
NI              11.0680361777        4.9664054130        4.0152208411
NI              12.2963948596        7.0970281819        4.0155122260
NI               2.4688281481        1.4212156860        6.0189306324
NI               3.6866253147        3.5351826057        6.0044812696
NI               4.9243821059        5.6645599651        6.0225639023
NI               6.1496710031        7.8006807576        6.0257458841
NI               4.9165006196        1.4136039884        5.9937148798
NI               6.1033727050        3.5216765616        5.9100663582
NI               7.3785261437        5.7365816453        5.9114159229
NI               8.6130340319        7.8050534614        6.0230229708
NI               7.3868052903        1.4117281927        5.9942635736
NI               8.6375572623        3.5276056523        5.9306024753
NI               9.8422296172        5.6749539673        6.0127819155
NI              11.0684937040        7.8056791593        6.0155251383
NI               9.8389381792        1.4167111561        6.0171618444
NI              11.0678171142        3.5486514721        6.0314762649
NI              12.2989150743        5.6746283196        6.0144875273
NI              13.5251652626        7.8047870995        6.0200393742
NI               0.0088342153        0.0084016327        8.0542778562
NI               1.2331817552        2.1109846889        8.0423415154
NI               2.4355745910        4.2735117889        8.0502225333
NI               3.6725604089        6.4122884901        8.0325763142
NI               2.4548432430       -0.0028612582        8.0446756010
NI               3.6631655041        2.0678884001        8.0394045512
NI               4.8665294408        4.2220369989        8.0557184585
NI               6.1283567816        6.4206475925        8.0476768863
NI               4.9337225425       -0.0203484046        8.0324009467
NI               6.1579818795        2.0460546470        7.9225095987
NI               7.3347031785        4.3105512174        7.7671158659
NI               8.6127172058        6.4313733461        8.0332605450
NI               7.3828030260       -0.0098716943        8.0667283354
NI               8.6261361279        2.1121345075        8.0290983038
NI               9.8740200766        4.2516418823        8.0446669344
NI              11.0804839311        6.4035460419        8.0419246913
C                5.7523739964        3.9237555061       10.3517766305
C                4.3364208192        3.3666612489       10.3093656260
C                8.0542845616        3.8722582162        9.3286011402
O                5.7096696798        5.3119383897       10.4773436493
O                4.2894297482        1.9393238249       10.2822153854
O                8.8797965964        4.8841386039       10.0510893785
H                6.6467221153        5.6660903001       10.4117874527
H                5.1974756353        1.5552916740       10.1453798105
H                3.4430188143        3.8235483377        9.4708469078
H                3.8555189091        3.7654717410       11.2380580553
H                7.9335748556        2.7724988371        9.7468089962
H                6.1893933722        3.4595093721       11.2247959174
H                6.1632967451        2.6851270250        9.2866125903
H                8.9708711847        4.7680828665       11.0253499201
