ATOMIC_POSITIONS (angstrom)
Ni               1.2286497520        0.7093615510       11.2500000000    0   0   0
Ni               2.4572990100        2.8374462050       11.2500000000    0   0   0
Ni               3.6859482670        4.9655308580       11.2500000000    0   0   0
Ni               4.9145975240        7.0936155120       11.2500000000    0   0   0
Ni               3.6859497520        0.7093615510       11.2500000000    0   0   0
Ni               4.9145990100        2.8374462050       11.2500000000    0   0   0
Ni               6.1432482670        4.9655308580       11.2500000000    0   0   0
Ni               7.3718975240        7.0936155120       11.2500000000    0   0   0
Ni               6.1432497520        0.7093615510       11.2500000000    0   0   0
Ni               7.3718990100        2.8374462050       11.2500000000    0   0   0
Ni               8.6005482670        4.9655308580       11.2500000000    0   0   0
Ni               9.8291975240        7.0936155120       11.2500000000    0   0   0
Ni               8.6005497520        0.7093615510       11.2500000000    0   0   0
Ni               9.8291990100        2.8374462050       11.2500000000    0   0   0
Ni              11.0578482670        4.9655308580       11.2500000000    0   0   0
Ni              12.2864975240        7.0936155120       11.2500000000    0   0   0
Ni               9.8231926170        0.0024995240       13.3023445020    0   0   0
Ni              11.0518089830        2.1302240240       13.3047084140    0   0   0
Ni              12.2800508460        4.2570722560       13.3044621730    0   0   0
Ni              13.5092872810        6.3850384710       13.3032135990    0   0   0
Ni               2.4517697470        0.0021660600       13.3026623600    0   0   0
Ni               3.6803279060        2.1303359400       13.3041136820    0   0   0
Ni               4.9088074780        4.2579363990       13.3054287220    0   0   0
Ni               6.1372745400        6.3857876860       13.3032783460    0   0   0
Ni               4.9086517490        0.0018312680       13.3024059970    0   0   0
Ni               6.1374036900        2.1309748260       13.3056096280    0   0   0
Ni               7.3661494970        4.2582451230       13.3069521290    0   0   0
Ni               8.5943412640        6.3854189360       13.3048452030    0   0   0
Ni               7.3652045600        0.0023769350       13.3020218590    0   0   0
Ni               8.5942385870        2.1304695640       13.3043867890    0   0   0
Ni               9.8231946460        4.2572739590       13.3057508080    0   0   0
Ni              11.0517679490        6.3857120740       13.3033345670    0   0   0
Ni               2.4490340010        1.4222228900       15.3362210300    0   0   0
Ni               3.6772966340        3.5494520400       15.3385526490    0   0   0
Ni               4.9062018310        5.6779299860       15.3378107870    0   0   0
Ni               6.1346571370        7.8070605970       15.3335997660    0   0   0
Ni               4.9058225440        1.4219700120       15.3362205140    0   0   0
Ni               6.1346426160        3.5508505240       15.3401416950    0   0   0
Ni               7.3625330180        5.6784279340       15.3395242280    0   0   0
Ni               8.5915701700        7.8062468640       15.3354849980    0   0   0
Ni               7.3627070880        1.4224398610       15.3370387850    0   0   0
Ni               8.5913286880        3.5492678030       15.3408173340    0   0   0
Ni               9.8201850890        5.6778143970       15.3377748310    0   0   0
Ni              11.0486432900        7.8070022870       15.3347461740    0   0   0
Ni               9.8200953690        1.4222882770       15.3366655970    0   0   0
Ni              11.0486075170        3.5492992340       15.3407266610    0   0   0
Ni              12.2774144290        5.6772885480       15.3359640400    0   0   0
Ni              13.5061541410        7.8063455600       15.3319300910    0   0   0
Ni               1.2187910910        0.7145173250       17.3879335110    0   0   0
Ni               2.4472474040        2.8420654680       17.3934583510    0   0   0
Ni               3.6755426410        4.9714604160       17.3911200990    0   0   0
Ni               4.9045370410        7.0991000160       17.3858411420    0   0   0
Ni               3.6755273380        0.7130852300       17.3897672760    0   0   0
Ni               4.9036999830        2.8423805670       17.3934479200    0   0   0
Ni               6.1319552590        4.9726957520       17.3963329100    0   0   0
Ni               7.3614524680        7.0997442320       17.3897409240    0   0   0
Ni               6.1332850860        0.7119051780       17.3902533170    0   0   0
Ni               7.3623531400        2.8409773510       17.3961535170    0   0   0
Ni               8.5911690580        4.9716069240       17.3936889090    0   0   0
Ni               9.8197669710        7.1000576730       17.3889506800    0   0   0
Ni               8.5911411740        0.7131642410       17.3880086890    0   0   0
Ni               9.8198330200        2.8408219280       17.3957136840    0   0   0
Ni              11.0487030820        4.9704125330       17.3927697590    0   0   0
Ni              12.2763266390        7.0989938260       17.3852102910    0   0   0
O                7.4476222282        3.9583658538       21.8243764204
O                8.3053919677        5.1002727438       19.5137609846
O                8.7200516481        4.9293566562       24.2605977059
C                8.5596753773        4.8705507877       21.8834406596
C                9.2877767772        4.8430134504       20.5419247069
C                9.4630745565        4.6194375506       23.0781448522
H                8.0960283621        5.8609580255       22.0084454728
H                9.7676826012        3.8643194612       20.3592996497
H               10.0443304311        5.6318891104       20.4433243265
H               10.3618204210        5.2563453217       22.9852106109
H                9.7950877851        3.5615934357       23.0777826995
H                7.7906689961        3.0482060892       21.8945584408
H                7.5249238912        4.5334452868       19.7160820989
H                9.2875060879        4.7755667503       25.0331397342
O                2.4652983615        1.4094631209       18.7983579416
H                2.5487735247        1.3830818064       19.7651898639
