ATOMIC_POSITIONS (angstrom)
NI               0.0000000000        0.0000000000        1.1900000730    0   0   0
NI               1.2286496050        2.1280835410        1.1900000730    0   0   0
NI               2.4572992100        4.2561670810        1.1900000730    0   0   0
NI               3.6859488150        6.3842506220        1.1900000730    0   0   0
NI               4.9145984200        8.5123341620        1.1900000730    0   0   0
NI               2.4572992100        0.0000000000        1.1900000730    0   0   0
NI               3.6859488150        2.1280835410        1.1900000730    0   0   0
NI               4.9145984200        4.2561670810        1.1900000730    0   0   0
NI               6.1432480250        6.3842506220        1.1900000730    0   0   0
NI               7.3718976300        8.5123341620        1.1900000730    0   0   0
NI               4.9145984200        0.0000000000        1.1900000730    0   0   0
NI               6.1432480250        2.1280835410        1.1900000730    0   0   0
NI               7.3718976300        4.2561670810        1.1900000730    0   0   0
NI               8.6005472350        6.3842506220        1.1900000730    0   0   0
NI               9.8291968400        8.5123341620        1.1900000730    0   0   0
NI               7.3718976300        0.0000000000        1.1900000730    0   0   0
NI               8.6005472350        2.1280835410        1.1900000730    0   0   0
NI               9.8291968400        4.2561670810        1.1900000730    0   0   0
NI              11.0578464450        6.3842506220        1.1900000730    0   0   0
NI              12.2864960500        8.5123341620        1.1900000730    0   0   0
NI               9.8291968400        0.0000000000        1.1900000730    0   0   0
NI              11.0578464450        2.1280835410        1.1900000730    0   0   0
NI              12.2864960500        4.2561670810        1.1900000730    0   0   0
NI              13.5151456550        6.3842506220        1.1900000730    0   0   0
NI              14.7437952600        8.5123341620        1.1900000730    0   0   0
NI               1.2318718257        0.6985827227        3.1963895262
NI               2.4533982006        2.8258999338        3.1919471194
NI               3.6808418150        4.9524718453        3.1929560782
NI               4.9095124894        7.0842275700        3.2026410904
NI               6.1441168944        9.2223695594        3.2052310603
NI               3.6854554292        0.6970598689        3.2016618691
NI               4.9146532818        2.8300802972        3.1966219405
NI               6.1445409169        4.9610590977        3.2095421691
NI               7.3778010406        7.0808972587        3.2096739417
NI               8.5961253713        9.2090442357        3.2099183463
NI               6.1422517425        0.7013906273        3.1948371758
NI               7.3759462591        2.8312666017        3.2021791148
NI               8.6058569313        4.9539779804        3.2007430042
NI               9.8300562799        7.0845349518        3.1980768943
NI              11.0564246894        9.2120003608        3.2002415203
NI               8.6035146856        0.6992478155        3.1948372344
NI               9.8304345965        2.8321591728        3.1946860641
NI              11.0609176650        4.9524539569        3.1898674912
NI              12.2846821177        7.0834859641        3.1988907284
NI              13.5153504171        9.2111666479        3.2001675513
NI              11.0581231507        0.7029144607        3.1909436510
NI              12.2875737659        2.8243273036        3.1931745614
NI              13.5149466983        4.9529792022        3.1946535998
NI              14.7393186233        7.0847503546        3.1991782072
NI              15.9746022870        9.2117989249        3.2071610840
NI               2.4537593880        1.4027833287        5.2059777181
NI               3.6816105836        3.5272651028        5.1952909282
NI               4.9215356829        5.6593231332        5.2065298749
NI               6.1480537553        7.7960256151        5.1926149958
NI               7.3749585971        9.9005910197        5.2403685746
NI               4.9077236996        1.4038099875        5.2114057441
NI               6.1533866373        3.5321885458        5.2245657052
NI               7.3655038575        5.6401688529        5.2423887788
NI               8.5939224630        7.7900559582        5.2403299180
NI               9.8269785320        9.9151124603        5.2099236872
NI               7.3736666499        1.4030351049        5.2020419007
NI               8.5876407899        3.5360358440        5.2342712903
NI               9.8324921892        5.6570687370        5.2003298239
NI              11.0595282515        7.7823024279        5.2084347397
NI              12.2836484203        9.9172051891        5.2144747461
NI               9.8334355976        1.4046847944        5.1971806047
NI              11.0576649158        3.5297192430        5.2045324021
NI              12.2862742542        5.6547708277        5.1991700263
NI              13.5152259214        7.7848719235        5.2096323375
NI              14.7407380680        9.9200077117        5.2070565985
NI              12.2871172217        1.3993139687        5.2100957117
NI              13.5138977563        3.5287848940        5.2058772348
NI              14.7403144272        5.6566807530        5.2023801098
NI              15.9752966102        7.7953142570        5.2223747530
NI              17.2014414942        9.9072925733        5.2242779532
NI               0.0066408017        0.0094496615        7.2057160254
NI               1.2341529525        2.1139874348        7.2228707623
NI               2.4478769032        4.2299887959        7.2340828291
NI               3.6500488982        6.3435384596        7.1925845456
NI               4.8748260289        8.5137737267        7.3110869268
NI               2.4670171237       -0.0107937573        7.2198950919
NI               3.6853002475        2.1060975386        7.2313132400
NI               4.8878531816        4.2325810607        7.1768482085
NI               6.1342102403        6.3547447550        7.2168594985
NI               7.4308630072        8.5075301918        7.3461180278
NI               4.9140843930       -0.0257790702        7.2308584262
NI               6.1335252235        2.0832555948        7.1960815119
NI               7.3704299287        4.2154215818        7.3914379155
NI               8.6455936913        6.3406027873        7.1904119837
NI               9.8550273123        8.4890762626        7.2235158589
NI               7.3690930366       -0.0238385690        7.2315213799
NI               8.6065615167        2.0842651176        7.1962007177
NI               9.8457808530        4.2285963748        7.2101656451
NI              11.0725754680        6.3580345020        7.2234438719
NI              12.2950324874        8.4917125398        7.2273803770
NI               9.8223868264       -0.0090281386        7.2130307319
NI              11.0518267106        2.1094977137        7.2245099289
NI              12.2898383089        4.2347322623        7.2171803370
NI              13.5044995976        6.3632602940        7.2186658841
NI              14.7268243447        8.4929700271        7.2177325636
C                7.9018121937        3.7373673202       10.2978431568
C                7.3297635117        3.4459459807       11.6547578484
C                7.9748878022        4.3413678563       12.7513755450
C                8.0757936026        3.6272938064       14.1137705246
C                8.2806416630        4.6302299270       15.2644297052
C                8.6135614943        3.9597765441       16.5986579037
O                7.1223926678        4.0737919705        9.3916776706
O                5.9283403986        3.5952220453       11.6625569029
O                9.2697975387        4.7384248278       12.3054564324
O                6.8857107207        2.8792002065       14.3258446827
O                9.3860392486        5.5028202179       14.9362578254
O                7.4997278176        3.1479677154       17.0148992928
H                8.9829691843        3.6316133211       10.1134863922
H                7.6000539544        2.3898853647       11.8661381608
H                7.2989690694        5.2113323663       12.8371806259
H                8.9643542620        2.9634806302       14.0526718297
H                7.3419081002        5.2063141943       15.3533600845
H                9.5252792503        3.3510275292       16.4677215347
H                8.8228640992        4.7433108404       17.3467367859
H                5.6624118209        3.7429046793       10.7306171500
H                9.6630368589        5.2426354613       13.0474658680
H                6.8541009258        2.6401258107       15.2741366043
H                9.2719014290        6.3472468400       15.4024923783
H                7.7848069254        2.5817711293       17.7517364211
O                6.0782903327        7.7241874739        8.6212450107
H                5.8782146996        7.3349875670        9.4861577942
