ATOMIC_POSITIONS crystal
Ni   0.08333333   0.08333333   0.29108882 0 0 0
Ni   0.08333333   0.33333333   0.29108882 0 0 0
Ni   0.08333333   0.58333333   0.29108882 0 0 0
Ni   0.08333333   0.83333333   0.29108882 0 0 0
Ni   0.33333333   0.08333333   0.29108882 0 0 0
Ni   0.33333333   0.33333333   0.29108882 0 0 0
Ni   0.33333333   0.58333333   0.29108882 0 0 0
Ni   0.33333333   0.83333333   0.29108882 0 0 0
Ni   0.58333333   0.08333333   0.29108882 0 0 0
Ni   0.58333333   0.33333333   0.29108882 0 0 0
Ni   0.58333333   0.58333333   0.29108882 0 0 0
Ni   0.58333333   0.83333333   0.29108882 0 0 0
Ni   0.83333333   0.08333333   0.29108882 0 0 0
Ni   0.83333333   0.33333333   0.29108882 0 0 0
Ni   0.83333333   0.58333333   0.29108882 0 0 0
Ni   0.83333333   0.83333333   0.29108882 0 0 0
Ni   0.99993464   0.99917818   0.34416198 0 0 0
Ni   0.99995690   0.24912655   0.34415243 0 0 0
Ni   0.99993588   0.49915531   0.34414722 0 0 0
Ni   0.99990239   0.74918817   0.34415608 0 0 0
Ni   0.24997554   0.99910477   0.34416214 0 0 0
Ni   0.24996239   0.24914227   0.34415043 0 0 0
Ni   0.24992345   0.49919535   0.34415528 0 0 0
Ni   0.24988656   0.74920141   0.34416049 0 0 0
Ni   0.49993150   0.99910057   0.34415970 0 0 0
Ni   0.49992919   0.24914209   0.34415164 0 0 0
Ni   0.49990926   0.49916053   0.34415252 0 0 0
Ni   0.49991799   0.74911446   0.34415628 0 0 0
Ni   0.74993022   0.99915551   0.34414737 0 0 0
Ni   0.74996057   0.24912181   0.34415849 0 0 0
Ni   0.74995592   0.49912298   0.34415050 0 0 0
Ni   0.74992139   0.74914090   0.34414878 0 0 0
Cu   0.16665830   0.16475606   0.39786847 0 0 0
Cu   0.16663425   0.41477449   0.39786812 0 0 0
Cu   0.16649323   0.66488515   0.39788206 0 0 0
Cu   0.16651291   0.91489441   0.39791142 0 0 0
Cu   0.41660627   0.16477290   0.39789378 0 0 0
Cu   0.41648138   0.41485067   0.39789192 0 0 0
Cu   0.41644911   0.66489897   0.39789714 0 0 0
Cu   0.41660690   0.91477746   0.39791286 0 0 0
Cu   0.66655731   0.16490742   0.39785283 0 0 0
Cu   0.66650280   0.41494418   0.39790078 0 0 0
Cu   0.66652872   0.66488031   0.39787137 0 0 0
Cu   0.66666667   0.91484845   0.39789165 0 0 0
Cu   0.91654881   0.16495835   0.39788530 0 0 0
Cu   0.91655325   0.41487010   0.39787824 0 0 0
Cu   0.91655352   0.66486844   0.39787650 0 0 0
Cu   0.91654103   0.91494282   0.39788042 0 0 0
Cu   0.08335265   0.08031639   0.45460846 0 0 0
Cu   0.08341183   0.33029849   0.45452731 0 0 0
Cu   0.08335439   0.58015013   0.45458342 0 0 0
Cu   0.08318814   0.83042442   0.45465727 0 0 0
Cu   0.33343166   0.08022611   0.45465225 0 0 0
Cu   0.33319823   0.33025492   0.45467317 0 0 0
Cu   0.33316351   0.58045543   0.45463744 0 0 0
Cu   0.33306011   0.83053825   0.45465046 0 0 0
Cu   0.58348604   0.08027246   0.45458785 0 0 0
Cu   0.58319199   0.33052823   0.45461294 0 0 0
Cu   0.58313525   0.58058744   0.45462218 0 0 0
Cu   0.58330869   0.83055432   0.45461765 0 0 0
Cu   0.83330183   0.08053923   0.45453317 0 0 0
Cu   0.83324090   0.33052558   0.45474413 0 0 0
Cu   0.83320225   0.58052728   0.45459242 0 0 0
Cu   0.83337697   0.83047116   0.45466714 0 0 0
O    0.40701425   0.30134717   0.53441092
O    0.50057727   0.49457068   0.49260859
O    0.22510266   0.46505894   0.59271624
C    0.37444836   0.45752348   0.54326284
C    0.49969993   0.49201421   0.52962359
C    0.36178281   0.47127675   0.58240944
H    0.26040581   0.54418906   0.53180854
H    0.61715150   0.40229321   0.53868624
H    0.47511342   0.60780924   0.53910880
H    0.35282543   0.58356801   0.59032532
H    0.46934219   0.37367618   0.59384492
H    0.46016288   0.27199074   0.51175925
H    0.22279208   0.29880573   0.52568868
H    0.23027702   0.44716548   0.61749225
O    0.12644820   0.29858473   0.51794927
H    0.15258890   0.18910694   0.51962002
