Cu  2.4478273930  1.4024593490  15.3768195280  0 0 0
Cu  3.6763308060  3.5307008760  15.3768060770  0 0 0
Cu  4.9041378630  5.6597275330  15.3773446700  0 0 0
Cu  6.1330260750  7.7878909920  15.3784795760  0 0 0
Cu  4.9046987940  1.4026027490  15.3777978380  0 0 0
Cu  6.1325026870  3.5313494180  15.3777258640  0 0 0
Cu  7.3610720820  5.6598451510  15.3779275450  0 0 0
Cu  8.5906751570  7.7868955290  15.3785352680  0 0 0
Cu  7.3621786350  1.4037478130  15.3762149870  0 0 0
Cu  8.5904727220  3.5321453650  15.3780682330  0 0 0
Cu  9.8190628610  5.6596863340  15.3769316570  0 0 0
Cu  11.0489114770  7.7874997910  15.3777155250  0 0 0
Cu  9.8196454140  1.4041813300  15.3774701120  0 0 0
Cu  11.0479045230  3.5315147300  15.3771972950  0 0 0
Cu  12.2765483610  5.6595853030  15.3771297580  0 0 0
Cu  13.5054403740  7.7883030910  15.3772812510  0 0 0
Cu  1.2140125070  0.6836802980  17.5697066840  0 0 0
Cu  2.4431554840  2.8116125730  17.5665701770  0 0 0
Cu  3.6705110990  4.9384343220  17.5687388930  0 0 0
Cu  4.8988742140  7.0688538720  17.5715927900  0 0 0
Cu  3.6716454970  0.6829118360  17.5713988440  0 0 0
Cu  4.8981418590  2.8112416660  17.5722076350  0 0 0
Cu  6.1274353450  4.9410331950  17.5708266730  0 0 0
Cu  7.3554752240  7.0698227980  17.5713298580  0 0 0
Cu  6.1297077270  0.6833063410  17.5689100860  0 0 0
Cu  7.3567237630  2.8135682210  17.5698798540  0 0 0
Cu  8.5851063570  4.9421568870  17.5702369000  0 0 0
Cu  9.8152975500  7.0699596350  17.5700617890  0 0 0
Cu  8.5865082000  0.6855772250  17.5667967620  0 0 0
Cu  9.8144914730  2.8135456230  17.5749497460  0 0 0
Cu  11.0427692100  4.9416447890  17.5690865390  0 0 0
Cu  12.2728600100  7.0692517500  17.5719745900  0 0 0
O   6.7920212096  3.8463849924  21.9219899838
O   8.0660746229  5.0403183705  19.7606864776
O   7.7914119816  4.6256532992  24.2780538690
C   7.8761178349  4.6486705197  22.0276418541
C   8.7177413489  4.6278746576  20.8667237058
C   8.5322522653  4.2953207637  23.2444390026
H   7.5389416240  5.6291453161  22.0587228985
H   9.0723053104  3.6440678976  20.7810577862
H   9.4997747942  5.3062002204  20.9145098136
H   9.4186215297  4.8181780778  23.1993883685
H   8.7071043815  3.2579331188  23.3280056992
H   6.9820517861  3.0593566786  21.6917709979
H   6.4699479175  4.3586123410  20.2165825918
H   8.1977138922  4.3279513402  25.0558556855
O   2.5111602296  1.6777941317  19.2665792813
H   2.5069768703  1.3572586117  20.0028787645
INTERMEDIATE_IMAGE
ATOMIC_POSITIONS { angstrom }
Ni  1.2286497520  0.7093615510  11.2500000000  0 0 0
Ni  2.4572990100  2.8374462050  11.2500000000  0 0 0
Ni  3.6859482670  4.9655308580  11.2500000000  0 0 0
Ni  4.9145975240  7.0936155120  11.2500000000  0 0 0
Ni  3.6859497520  0.7093615510  11.2500000000  0 0 0
Ni  4.9145990100  2.8374462050  11.2500000000  0 0 0
Ni  6.1432482670  4.9655308580  11.2500000000  0 0 0
Ni  7.3718975240  7.0936155120  11.2500000000  0 0 0
Ni  6.1432497520  0.7093615510  11.2500000000  0 0 0
Ni  7.3718990100  2.8374462050  11.2500000000  0 0 0
Ni  8.6005482670  4.9655308580  11.2500000000  0 0 0
Ni  9.8291975240  7.0936155120  11.2500000000  0 0 0
Ni  8.6005497520  0.7093615510  11.2500000000  0 0 0
Ni  9.8291990100  2.8374462050  11.2500000000  0 0 0
Ni  11.0578482670  4.9655308580  11.2500000000  0 0 0
Ni  12.2864975240  7.0936155120  11.2500000000  0 0 0
Ni  14.7391156440  8.5053429940  13.3011714150  0 0 0
Ni  11.0531329440  2.1206495290  13.3008022990  0 0 0
Ni  12.2817169740  4.2489790340  13.3006009370  0 0 0
Ni  13.5101985340  6.3773433500  13.3009431250  0 0 0
Ni  7.3672568660  8.5047181050  13.3011773700  0 0 0
Ni  3.6813642390  2.1207834060  13.3007249920  0 0 0
Ni  4.9098915810  4.2493198240  13.3009122650  0 0 0
Ni  6.1382079690  6.3774560510  13.3011135670  0 0 0
Ni  9.8241033230  8.5046823230  13.3010832760  0 0 0
Ni  6.1383369810  2.1207818050  13.3007715320  0 0 0
Ni  7.3668809570  4.2490234570  13.3008058440  0 0 0
Ni  8.5953896190  6.3767159330  13.3009510360  0 0 0
Ni  12.2816608160  8.5051500050  13.3006064560  0 0 0
Ni  8.5958456850  2.1206091640  13.3010363910  0 0 0
Ni  9.8244550650  4.2487038260  13.3007275540  0 0 0
Ni  11.0528529680  6.3769409810  13.3006612510  0 0 0
Cu  2.4478273930  1.4024593490  15.3768195280  0 0 0
Cu  3.6763308060  3.5307008760  15.3768060770  0 0 0
Cu  4.9041378630  5.6597275330  15.3773446700  0 0 0
Cu  6.1330260750  7.7878909920  15.3784795760  0 0 0
Cu  4.9046987940  1.4026027490  15.3777978380  0 0 0
Cu  6.1325026870  3.5313494180  15.3777258640  0 0 0
Cu  7.3610720820  5.6598451510  15.3779275450  0 0 0
Cu  8.5906751570  7.7868955290  15.3785352680  0 0 0
Cu  7.3621786350  1.4037478130  15.3762149870  0 0 0
Cu  8.5904727220  3.5321453650  15.3780682330  0 0 0
Cu  9.8190628610  5.6596863340  15.3769316570  0 0 0
Cu  11.0489114770  7.7874997910  15.3777155250  0 0 0
Cu  9.8196454140  1.4041813300  15.3774701120  0 0 0
Cu  11.0479045230  3.5315147300  15.3771972950  0 0 0
Cu  12.2765483610  5.6595853030  15.3771297580  0 0 0
Cu  13.5054403740  7.7883030910  15.3772812510  0 0 0
Cu  1.2140125070  0.6836802980  17.5697066840  0 0 0
Cu  2.4431554840  2.8116125730  17.5665701770  0 0 0
Cu  3.6705110990  4.9384343220  17.5687388930  0 0 0
Cu  4.8988742140  7.0688538720  17.5715927900  0 0 0
Cu  3.6716454970  0.6829118360  17.5713988440  0 0 0
Cu  4.8981418590  2.8112416660  17.5722076350  0 0 0
Cu  6.1274353450  4.9410331950  17.5708266730  0 0 0
Cu  7.3554752240  7.0698227980  17.5713298580  0 0 0
Cu  6.1297077270  0.6833063410  17.5689100860  0 0 0
Cu  7.3567237630  2.8135682210  17.5698798540  0 0 0
Cu  8.5851063570  4.9421568870  17.5702369000  0 0 0
Cu  9.8152975500  7.0699596350  17.5700617890  0 0 0
Cu  8.5865082000  0.6855772250  17.5667967620  0 0 0
Cu  9.8144914730  2.8135456230  17.5749497460  0 0 0
Cu  11.0427692100  4.9416447890  17.5690865390  0 0 0
Cu  12.2728600100  7.0692517500  17.5719745900  0 0 0
O   6.3552222496  3.4193130433  21.4992972777
O   7.8276796286  4.7635299337  19.5199027582
O   6.6936600955  4.4033485920  23.8211345214
C   7.2271023267  4.3973119404  21.6837681328
C   8.2550615977  4.4813136337  20.7341127743
C   7.6455584799  4.2007696142  22.9992787875
H   6.7706446685  5.2968707350  21.5569269196
H   8.7292750637  3.5708639425  20.7937533313
H   8.8855573147  5.2620928454  20.8881649901
H   8.3910787841  4.8679615575  23.0712227393
H   7.9546449673  3.2322414750  23.2023093875
H   6.6079538093  2.8113302053  21.0540040780
H   5.5327578475  3.7535867557  20.2499933156
H   6.9521682674  4.1541088970  24.6588500451
O   2.5775429335  1.9657475406  19.5169535261
H   2.4810549920  1.4414198511  20.0293436139
INTERMEDIATE_IMAGE
ATOMIC_POSITIONS { angstrom }
Ni  1.2286497520  0.7093615510  11.2500000000  0 0 0
Ni  2.4572990100  2.8374462050  11.2500000000  0 0 0
Ni  3.6859482670  4.9655308580  11.2500000000  0 0 0
Ni  4.9145975240  7.0936155120  11.2500000000  0 0 0
Ni  3.6859497520  0.7093615510  11.2500000000  0 0 0
Ni  4.9145990100  2.8374462050  11.2500000000  0 0 0
Ni  6.1432482670  4.9655308580  11.2500000000  0 0 0
Ni  7.3718975240  7.0936155120  11.2500000000  0 0 0
Ni  6.1432497520  0.7093615510  11.2500000000  0 0 0
Ni  7.3718990100  2.8374462050  11.2500000000  0 0 0
Ni  8.6005482670  4.9655308580  11.2500000000  0 0 0
Ni  9.8291975240  7.0936155120  11.2500000000  0 0 0
Ni  8.6005497520  0.7093615510  11.2500000000  0 0 0
Ni  9.8291990100  2.8374462050  11.2500000000  0 0 0
Ni  11.0578482670  4.9655308580  11.2500000000  0 0 0
Ni  12.2864975240  7.0936155120  11.2500000000  0 0 0
Ni  14.7391156440  8.5053429940  13.3011714150  0 0 0
Ni  11.0531329440  2.1206495290  13.3008022990  0 0 0
Ni  12.2817169740  4.2489790340  13.3006009370  0 0 0
Ni  13.5101985340  6.3773433500  13.3009431250  0 0 0
Ni  7.3672568660  8.5047181050  13.3011773700  0 0 0
Ni  3.6813642390  2.1207834060  13.3007249920  0 0 0
Ni  4.9098915810  4.2493198240  13.3009122650  0 0 0
Ni  6.1382079690  6.3774560510  13.3011135670  0 0 0
Ni  9.8241033230  8.5046823230  13.3010832760  0 0 0
Ni  6.1383369810  2.1207818050  13.3007715320  0 0 0
Ni  7.3668809570  4.2490234570  13.3008058440  0 0 0
Ni  8.5953896190  6.3767159330  13.3009510360  0 0 0
Ni  12.2816608160  8.5051500050  13.3006064560  0 0 0
Ni  8.5958456850  2.1206091640  13.3010363910  0 0 0
Ni  9.8244550650  4.2487038260  13.3007275540  0 0 0
Ni  11.0528529680  6.3769409810  13.3006612510  0 0 0
Cu  2.4478273930  1.4024593490  15.3768195280  0 0 0
Cu  3.6763308060  3.5307008760  15.3768060770  0 0 0
Cu  4.9041378630  5.6597275330  15.3773446700  0 0 0
Cu  6.1330260750  7.7878909920  15.3784795760  0 0 0
Cu  4.9046987940  1.4026027490  15.3777978380  0 0 0
Cu  6.1325026870  3.5313494180  15.3777258640  0 0 0
Cu  7.3610720820  5.6598451510  15.3779275450  0 0 0
Cu  8.5906751570  7.7868955290  15.3785352680  0 0 0
Cu  7.3621786350  1.4037478130  15.3762149870  0 0 0
Cu  8.5904727220  3.5321453650  15.3780682330  0 0 0
Cu  9.8190628610  5.6596863340  15.3769316570  0 0 0
Cu  11.0489114770  7.7874997910  15.3777155250  0 0 0
Cu  9.8196454140  1.4041813300  15.3774701120  0 0 0
Cu  11.0479045230  3.5315147300  15.3771972950  0 0 0
Cu  12.2765483610  5.6595853030  15.3771297580  0 0 0
Cu  13.5054403740  7.7883030910  15.3772812510  0 0 0
Cu  1.2140125070  0.6836802980  17.5697066840  0 0 0
Cu  2.4431554840  2.8116125730  17.5665701770  0 0 0
Cu  3.6705110990  4.9384343220  17.5687388930  0 0 0
Cu  4.8988742140  7.0688538720  17.5715927900  0 0 0
Cu  3.6716454970  0.6829118360  17.5713988440  0 0 0
Cu  4.8981418590  2.8112416660  17.5722076350  0 0 0
Cu  6.1274353450  4.9410331950  17.5708266730  0 0 0
Cu  7.3554752240  7.0698227980  17.5713298580  0 0 0
Cu  6.1297077270  0.6833063410  17.5689100860  0 0 0
Cu  7.3567237630  2.8135682210  17.5698798540  0 0 0
Cu  8.5851063570  4.9421568870  17.5702369000  0 0 0
Cu  9.8152975500  7.0699596350  17.5700617890  0 0 0
Cu  8.5865082000  0.6855772250  17.5667967620  0 0 0
Cu  9.8144914730  2.8135456230  17.5749497460  0 0 0
Cu  11.0427692100  4.9416447890  17.5690865390  0 0 0
Cu  12.2728600100  7.0692517500  17.5719745900  0 0 0
O   5.9184232897  2.9922410942  21.0766045717
O   7.5892846343  4.4867414969  19.2791190389
O   5.5959082093  4.1810438849  23.3642151739
C   6.5780868185  4.1459533612  21.3398944115
C   7.7923818465  4.3347526098  20.6015018427
C   6.7588646946  4.1062184646  22.7541185723
H   6.0023477130  4.9645961539  21.0551309407
H   8.3862448170  3.4976599875  20.8064488765
H   8.2713398351  5.2179854703  20.8618201666
H   7.3635360385  4.9177450372  22.9430571101
H   7.2021855532  3.2065498313  23.0766130758
H   6.2338558325  2.5633037320  20.4162371582
H   4.5955677775  3.1485611703  20.2834040393
H   5.7066226425  3.9802664539  24.2618444046
O   2.6439256374  2.2537009495  19.7673277709
H   2.4551331138  1.5255810905  20.0558084632
LAST_IMAGE
ATOMIC_POSITIONS { angstrom }
Ni  1.2286497520  0.7093615510  11.2500000000  0 0 0
Ni  2.4572990100  2.8374462050  11.2500000000  0 0 0
Ni  3.6859482670  4.9655308580  11.2500000000  0 0 0
Ni  4.9145975240  7.0936155120  11.2500000000  0 0 0
Ni  3.6859497520  0.7093615510  11.2500000000  0 0 0
Ni  4.9145990100  2.8374462050  11.2500000000  0 0 0
Ni  6.1432482670  4.9655308580  11.2500000000  0 0 0
Ni  7.3718975240  7.0936155120  11.2500000000  0 0 0
Ni  6.1432497520  0.7093615510  11.2500000000  0 0 0
Ni  7.3718990100  2.8374462050  11.2500000000  0 0 0
Ni  8.6005482670  4.9655308580  11.2500000000  0 0 0
Ni  9.8291975240  7.0936155120  11.2500000000  0 0 0
Ni  8.6005497520  0.7093615510  11.2500000000  0 0 0
Ni  9.8291990100  2.8374462050  11.2500000000  0 0 0
Ni  11.0578482670  4.9655308580  11.2500000000  0 0 0
Ni  12.2864975240  7.0936155120  11.2500000000  0 0 0
Ni  14.7391156440  8.5053429940  13.3011714150  0 0 0
Ni  11.0531329440  2.1206495290  13.3008022990  0 0 0
Ni  12.2817169740  4.2489790340  13.3006009370  0 0 0
Ni  13.5101985340  6.3773433500  13.3009431250  0 0 0
Ni  7.3672568660  8.5047181050  13.3011773700  0 0 0
Ni  3.6813642390  2.1207834060  13.3007249920  0 0 0
Ni  4.9098915810  4.2493198240  13.3009122650  0 0 0
Ni  6.1382079690  6.3774560510  13.3011135670  0 0 0
Ni  9.8241033230  8.5046823230  13.3010832760  0 0 0
Ni  6.1383369810  2.1207818050  13.3007715320  0 0 0
Ni  7.3668809570  4.2490234570  13.3008058440  0 0 0
Ni  8.5953896190  6.3767159330  13.3009510360  0 0 0
Ni  12.2816608160  8.5051500050  13.3006064560  0 0 0
Ni  8.5958456850  2.1206091640  13.3010363910  0 0 0
Ni  9.8244550650  4.2487038260  13.3007275540  0 0 0
Ni  11.0528529680  6.3769409810  13.3006612510  0 0 0
Cu  2.4478273930  1.4024593490  15.3768195280  0 0 0
Cu  3.6763308060  3.5307008760  15.3768060770  0 0 0
Cu  4.9041378630  5.6597275330  15.3773446700  0 0 0
Cu  6.1330260750  7.7878909920  15.3784795760  0 0 0
Cu  4.9046987940  1.4026027490  15.3777978380  0 0 0
Cu  6.1325026870  3.5313494180  15.3777258640  0 0 0
Cu  7.3610720820  5.6598451510  15.3779275450  0 0 0
Cu  8.5906751570  7.7868955290  15.3785352680  0 0 0
Cu  7.3621786350  1.4037478130  15.3762149870  0 0 0
Cu  8.5904727220  3.5321453650  15.3780682330  0 0 0
Cu  9.8190628610  5.6596863340  15.3769316570  0 0 0
Cu  11.0489114770  7.7874997910  15.3777155250  0 0 0
Cu  9.8196454140  1.4041813300  15.3774701120  0 0 0
Cu  11.0479045230  3.5315147300  15.3771972950  0 0 0
Cu  12.2765483610  5.6595853030  15.3771297580  0 0 0
Cu  13.5054403740  7.7883030910  15.3772812510  0 0 0
Cu  1.2140125070  0.6836802980  17.5697066840  0 0 0
Cu  2.4431554840  2.8116125730  17.5665701770  0 0 0
Cu  3.6705110990  4.9384343220  17.5687388930  0 0 0
Cu  4.8988742140  7.0688538720  17.5715927900  0 0 0
Cu  3.6716454970  0.6829118360  17.5713988440  0 0 0
Cu  4.8981418590  2.8112416660  17.5722076350  0 0 0
Cu  6.1274353450  4.9410331950  17.5708266730  0 0 0
Cu  7.3554752240  7.0698227980  17.5713298580  0 0 0
Cu  6.1297077270  0.6833063410  17.5689100860  0 0 0
Cu  7.3567237630  2.8135682210  17.5698798540  0 0 0
Cu  8.5851063570  4.9421568870  17.5702369000  0 0 0
Cu  9.8152975500  7.0699596350  17.5700617890  0 0 0
Cu  8.5865082000  0.6855772250  17.5667967620  0 0 0
Cu  9.8144914730  2.8135456230  17.5749497460  0 0 0
Cu  11.0427692100  4.9416447890  17.5690865390  0 0 0
Cu  12.2728600100  7.0692517500  17.5719745900  0 0 0
O   5.4816243297  2.5651691451  20.6539118657
O   7.3508896400  4.2099530602  19.0383353195
O   4.4981563232  3.9587391778  22.9072958263
C   5.9290713103  3.8945947819  20.9960206902
C   7.3297020952  4.1881915859  20.4688909112
C   5.8721709092  4.0116673150  22.5089583572
H   5.2340507576  4.6323215728  20.5533349618
H   8.0432145703  3.4244560324  20.8191444217
H   7.6571223555  5.1738780952  20.8354753430
H   6.3359932930  4.9675285169  22.8148914809
H   6.4497261391  3.1808581875  22.9509167642
H   5.8597578557  2.3152772586  19.7784702384
H   3.6583777075  2.5435355850  20.3168147630
H   4.4610770177  3.8064240107  23.8648387641
O   2.7103083413  2.5416543584  20.0177020156
H   2.4292112355  1.6097423299  20.0822733126
END_POSITIONS



END_ENGINE_INPUT
END
