ATOMIC_POSITIONS (angstrom)
NI               1.2444458765        1.8047743952        0.8525766277
NI               2.5206252172        1.0938424652        2.8275167262
NI               3.6923584768        1.8033188592        0.7920495969
NI               4.9436243640        1.0757356440        2.8069288693
NI               6.1481925344        1.7955366084        0.7920446996
NI               7.3339245720        1.0861112539        2.8463554103
NI               8.5916988197        1.7986555182        0.8610785566
NI               9.8119187572        1.1013955560        2.9158395671
NI               2.4674659919        3.9298308401        0.8519819405
NI               3.7077592385        3.1813601348        2.8883222646
NI               4.9136699974        3.9384792517        0.8822737597
NI               6.1197606710        3.1782270490        2.8796387626
NI               7.3651030957        3.9239427870        0.8872896411
NI               8.5837970808        3.1987702164        2.9346592667
NI               9.8219552074        3.9238775571        0.9066057269
NI              11.0821178910        3.1835542174        2.8991379987
NI               3.6964588059        6.0440293869        0.9233892836
NI               4.9149813740        5.3033780257        3.0272129265
NI               6.1311390084        6.0466098394        0.9511184814
NI               7.3585865941        5.3206638061        2.9505073428
NI               8.5902617858        6.0295959950        0.8969475799
NI               9.8218412857        5.3356058351        2.9635153498
NI              11.0468739281        6.0407637575        0.9168867801
NI              12.2597660123        5.3180861581        2.9408899419
NI               4.9221423322        8.1592739102        0.8882222334
NI               6.1737202355        7.4758245900        2.9713624158
NI               7.3586724288        8.1551652986        0.8412760277
NI               8.5987603486        7.4936327573        2.8721177618
NI               9.8295112276        8.1393404747        0.8321735386
NI              11.0229665655        7.4655085668        3.0031632722
NI              12.2678713738        8.1491351305        0.8863390617
NI              13.5283322309        7.4771255156        2.9166163666
AG               1.4197154140        1.1015188892        5.1371176524
AG               2.0072898147        2.6033395091        7.5170421577
AG               4.3966312736        1.5614514563        5.2685097658
AG               3.8216874591        1.2692122402        9.4119678513
AG               6.5352389380        1.3534957033        7.7103448044
AG               7.3798775458        2.1266619785       10.2529456545
AG               8.2085600219        1.1564288379        5.2482456071
AG              10.2355981193        1.5619433150        9.8062099683
AG               3.0809054722        4.0881943980        5.2741096338
AG               3.5640366654        3.9817352670        9.5570290870
AG               5.0626767290        3.6311236488        7.2005374682
AG               6.2476616601        4.5715316404        9.8235881510
AG               7.0027532290        3.7624977413        5.2201552112
AG               8.8468333723        2.8437215574        7.5181127383
AG               9.9901558357        3.7992609067        5.1695829625
AG              11.4855549975        3.4063255359       11.4085176812
AG               3.5870439699        6.0139957474        7.5792921774
AG               4.3004526689        6.0902489336       11.2306080111
AG               5.5643874852        6.4724129752        5.3962556560
AG               7.4309884783        5.4027966535        7.5001289087
AG               8.4671770700        6.3310822479        5.1326011877
AG               9.1775454356        4.2387766225        9.9605026076
AG              10.5812910275        5.1933549372        7.5329506789
AG              11.4511726540        5.9344391935       10.1846338324
AG               4.8496945591        8.5590919311        7.2823274217
AG               6.1731303420        7.4029001621        9.5646784794
AG               7.6867696166        8.2788695985        7.1816821307
AG               8.9323566409        6.9500874919        9.4249919397
AG              10.3271332338        7.7565602078        6.4923430069
AG              10.6514318392        8.4933127645       10.9650305198
AG              12.4460344554        6.8508502994        5.1453737900
AG              13.0659413084        8.0789022223        9.5573946388
O                8.0912494644        6.9960518979       13.3931614551
C                8.2961482792        5.8380283499       13.0553834909
C                7.1864583748        4.8192807464       13.1391875872
O                6.0210518589        5.4239575095       13.6601793964
C                7.6819139369        3.5619322069       13.8996983364
O                8.2805394034        2.7205846858       12.9022486948
C                6.6077121706        2.7787489815       14.6598294537
O                7.2809008186        1.5725265281       15.0537084071
C                6.0244665759        3.4802713234       15.9031478763
O                5.4470925392        2.4240860829       16.6984897399
C                7.0483242494        4.2516161783       16.7228492275
O                6.3752876161        4.6462636163       17.9328493977
H                9.2848711416        5.4977260808       12.6754084301
H                6.9946523807        4.4607975965       12.1021301718
H                6.2869202392        6.3651853834       13.8073716602
H                8.4617517102        3.8375096203       14.6331032171
H                8.4355843820        1.8520614671       13.3284889909
H                5.7746024160        2.5312968171       13.9767839145
H                6.7499665563        1.2266342149       15.8022262056
H                5.2317763469        4.1688375196       15.5772376321
H                5.3715959692        2.7784826587       17.6064523544
H                7.9276195869        3.6177455240       16.9465020101
H                7.3693861020        5.1335846845       16.1435442725
H                7.0354512654        5.0638237974       18.5093433225
