ATOMIC_POSITIONS (angstrom)
Ni               1.2286497520        0.7093615510       11.2500000000    0   0   0
Ni               2.4572990100        2.8374462050       11.2500000000    0   0   0
Ni               3.6859482670        4.9655308580       11.2500000000    0   0   0
Ni               4.9145975240        7.0936155120       11.2500000000    0   0   0
Ni               3.6859497520        0.7093615510       11.2500000000    0   0   0
Ni               4.9145990100        2.8374462050       11.2500000000    0   0   0
Ni               6.1432482670        4.9655308580       11.2500000000    0   0   0
Ni               7.3718975240        7.0936155120       11.2500000000    0   0   0
Ni               6.1432497520        0.7093615510       11.2500000000    0   0   0
Ni               7.3718990100        2.8374462050       11.2500000000    0   0   0
Ni               8.6005482670        4.9655308580       11.2500000000    0   0   0
Ni               9.8291975240        7.0936155120       11.2500000000    0   0   0
Ni               8.6005497520        0.7093615510       11.2500000000    0   0   0
Ni               9.8291990100        2.8374462050       11.2500000000    0   0   0
Ni              11.0578482670        4.9655308580       11.2500000000    0   0   0
Ni              12.2864975240        7.0936155120       11.2500000000    0   0   0
Ni               9.8278006008        0.0018118397       13.3218808963
Ni              11.0532790294        2.1317241974       13.3148346540
Ni              12.2891200104        4.2602094880       13.3255744522
Ni              13.5110124614        6.3868116596       13.3171047298
Ni               2.4481764467        0.0016588669       13.3217216652
Ni               3.6791867172        2.1316812145       13.3168036830
Ni               4.9116489765        4.2598212153       13.3106308297
Ni               6.1442443095        6.3903175823       13.3179332948
Ni               4.9109626565        0.0118106013       13.3153084247
Ni               6.1381898744        2.1381898759       13.2927358318
Ni               7.3693132149        4.2631820618       13.3126897965
Ni               8.5997618465        6.3866078219       13.3247407798
Ni               7.3664006203        0.0043674734       13.3094217010
Ni               8.5996642767        2.1388928503       13.3011488754
Ni               9.8249444944        4.2657481909       13.3322608483
Ni              11.0523660517        6.3880050622       13.3231808412
Ni               2.4477672576        1.4197866225       15.3588230434
Ni               3.6884133549        3.5428219298       15.3800142403
Ni               4.9062530575        5.6782023068       15.3424973502
Ni               6.1343366033        7.8080369338       15.3697968431
Ni               4.9126872636        1.4352849473       15.3556554669
Ni               6.1411888753        3.5519241630       15.3409925067
Ni               7.3787918409        5.6760171350       15.3624378114
Ni               8.5960475828        7.8081408983       15.3473125977
Ni               7.3666839119        1.4331925344       15.3276352707
Ni               8.5918233932        3.5615410624       15.3786653107
Ni               9.8131774394        5.6727627089       15.3924187633
Ni              11.0483427442        7.8003399969       15.3453164004
Ni               9.8152270695        1.4295172184       15.3484159244
Ni              11.0543272355        3.5497761025       15.3524937211
Ni              12.2768848256        5.6768304322       15.3601007059
Ni              13.5055110449        7.8053967399       15.3484673956
Ni               1.2189031881        0.7110925180       17.4222089766
Ni               2.4550720060        2.8386430922       17.4166437760
Ni               3.6641314629        4.9715560831       17.3984145294
Ni               4.8962985920        7.1032351818       17.4150667152
Ni               3.6805093970        0.7215523528       17.4007376769
Ni               4.9099600983        2.8470924859       17.4875926240
Ni               6.1056310647        5.0029913377       17.3509570680
Ni               7.3521075669        7.1245182420       17.3935378374
Ni               6.1329006375        0.6708794125       17.3596452310
Ni               7.3557951255        2.7987666493       17.3905626703
Ni               8.5925807595        4.9878903348       17.5527686405
Ni               9.8288304295        7.1084260575       17.3969162755
Ni               8.5945805204        0.7022917994       17.3874171816
Ni               9.8309650873        2.8289153445       17.3888647140
Ni              11.0628770346        4.9678615757       17.4144994304
Ni              12.2753648645        7.0929720216       17.4055873982
O                9.0526116183        3.6332730944       21.8003125443
O                8.1987484964        4.8418614912       19.3677285661
O                8.9425412972        5.4492328463       24.1041682721
C                8.6589457463        5.0057083548       21.7422321853
C                8.8948203869        5.5977372965       20.3531833527
C                9.3649028446        5.8461942734       22.7995612914
H                7.5792952574        4.9916238336       21.9495410816
H                9.9768112602        5.5844125000       20.1263038539
H                8.5773433097        6.6562109802       20.3463450084
H                9.1399813212        6.9108557486       22.6305729768
H               10.4517810209        5.7115524308       22.6700792514
H                9.9893155542        3.5800578839       21.5380641370
H                7.0847126695        3.7071915182       19.6761121788
H                9.4888061006        5.9038461215       24.7673588239
O                6.2945838157        3.0772622677       19.5890996889
H                6.5557254297        2.2289953700       19.9897795748
