ATOMIC_POSITIONS (angstrom)
NI               1.2286390390        0.7093535490        9.0128649340    0   0   0
NI               2.4572760100        2.8374169220        9.0128649340    0   0   0
NI               3.6859498400        4.9655441370        9.0128649340    0   0   0
NI               3.6859144660        0.7093535490        9.0128649340    0   0   0
NI               4.9145514370        2.8374169220        9.0128649340    0   0   0
NI               6.1432252670        4.9655441370        9.0128649340    0   0   0
NI               6.1432636120        0.7093535490        9.0128649340    0   0   0
NI               7.3719005830        2.8374169220        9.0128649340    0   0   0
NI               8.6005744130        4.9655441370        9.0128649340    0   0   0
NI               0.0000019230       -0.0000011100       11.0189462060    0   0   0
NI               1.2286511800        2.1280835430       11.0189462060    0   0   0
NI               2.4573004370        4.2561681970       11.0189462060    0   0   0
NI               2.4573019230       -0.0000011100       11.0189462060    0   0   0
NI               3.6859511800        2.1280835430       11.0189462060    0   0   0
NI               4.9146004370        4.2561681970       11.0189462060    0   0   0
NI               4.9146019230       -0.0000011100       11.0189462060    0   0   0
NI               6.1432511800        2.1280835430       11.0189462060    0   0   0
NI               7.3719004370        4.2561681970       11.0189462060    0   0   0
NI               2.4715605168        1.4216477943       13.0258240837
NI               3.7003881118        3.5489699321       13.0289839480
NI               4.9291121326        1.4213989715       13.0291330597
NI               4.9290904804        5.6775914471       13.0272354587
NI               7.3865248368        1.4209978517       13.0286829251
NI               6.1570719794        3.5491350969       13.0257734250
NI               8.6150489824        3.5489589257       13.0298330923
NI               7.3859134766        5.6782280232       13.0285701019
NI               9.8432458726        5.6766942099       13.0251731962
NI               8.6305021322        4.9718876975       15.0129922578
NI               7.3963991469        2.8413831014       15.0183963895
NI               6.1693663014        4.9675554109       15.0178698200
NI               3.7070738478        4.9716205787       15.0119176658
NI               6.1692602321        0.7072000606       15.0130396799
NI               4.9410131020        2.8406649164       15.0200823618
NI               2.4834649442        2.8373923168       15.0222396293
NI               3.7091484897        0.7135099806       15.0224078148
NI               1.2566261868        0.7133053407       15.0211202030
CU               3.7250769196        2.1299604475       17.0982684277
CU               1.2666500785        2.1301613129       17.0977127153
CU               2.4961323333        0.0024274845       17.0981813841
CU               0.0359503585        0.0001776145       17.0992000610
CU               4.9512282588        4.2603357596       17.0897378452
CU               6.1819390461        2.1266519105       17.0916754756
CU               4.9561079359        0.0004635967       17.1012291615
CU               2.4965795221        4.2603780027       17.0988004466
CU               7.4140376305        4.2603086406       17.0909080322
CU               9.8752868412        5.6765478559       19.2067156399
CU               7.4187918056        1.4196484981       19.1853308580
CU               4.9613707132        5.6779523775       19.1850094505
CU               2.5056448547        1.4217050792       19.1945757995
CU               8.6488458996        3.5503869490       19.1872801815
CU               7.4207129525        5.6780332051       19.1891527328
CU               4.9613521364        1.4191075188       19.1880147422
CU               3.7326231166        3.5485865084       19.1842347379
CU               6.1901622351        3.5492438851       19.1585867867
CU               8.6510666664        4.9685343410       21.3041725904
CU               7.4173450419        2.8460873620       21.2558640554
CU               6.1943489534        4.9603671548       21.2589244275
CU               6.1951469194        0.7169111879       21.2949613265
CU               3.7409969147        4.9657036279       21.2944542901
CU               4.9734415794        2.8465939589       21.2585238646
CU               2.5114015697        2.8509434195       21.2758012957
CU               3.7489534273        0.7069127571       21.2800453518
CU               1.2747274499        0.7077851027       21.2699426505
CU               3.7206167713        2.1220180198       23.3041283009
CU               6.1929992464        2.0928749239       23.3302768971
CU               4.9293168148        4.2798477336       23.3364117679
CU               2.5069702830        0.0267960887       23.3018557769
CU               1.2973952394        2.1213664946       23.2976182496
CU               4.9688693348        0.0057041200       23.3987598345
CU               2.5103840028        4.2615583779       23.3920266988
CU               0.0518494088       -0.0010804693       23.3701841720
CU               7.4622018684        4.2831710712       23.3305334363