ATOMIC_POSITIONS (angstrom)
NI               1.2254504230        0.7101865830        1.4556095020    0   0   0
NI               2.4444040200        2.8214761450        1.4556095020    0   0   0
NI               3.6633576180        4.9327657080        1.4556095020    0   0   0
NI               4.8823112150        7.0440552710        1.4556095020    0   0   0
NI               6.1012648120        9.1553448320        1.4556095020    0   0   0
NI               7.3202184090       11.2666343950        1.4556095020    0   0   0
NI               3.6633576170        0.7101865830        1.4556095020    0   0   0
NI               4.8823112140        2.8214761450        1.4556095020    0   0   0
NI               6.1012648110        4.9327657080        1.4556095020    0   0   0
NI               7.3202184090        7.0440552710        1.4556095020    0   0   0
NI               8.5391720050        9.1553448320        1.4556095020    0   0   0
NI               9.7581256030       11.2666343950        1.4556095020    0   0   0
NI               6.1012648120        0.7101865830        1.4556095020    0   0   0
NI               7.3202184090        2.8214761450        1.4556095020    0   0   0
NI               8.5391720060        4.9327657080        1.4556095020    0   0   0
NI               9.7581256040        7.0440552710        1.4556095020    0   0   0
NI              10.9770792000        9.1553448320        1.4556095020    0   0   0
NI              12.1960327980       11.2666343950        1.4556095020    0   0   0
NI               8.5391720070        0.7101865830        1.4556095020    0   0   0
NI               9.7581256040        2.8214761450        1.4556095020    0   0   0
NI              10.9770792010        4.9327657080        1.4556095020    0   0   0
NI              12.1960327990        7.0440552710        1.4556095020    0   0   0
NI              13.4149863960        9.1553448320        1.4556095020    0   0   0
NI              14.6339399930       11.2666343950        1.4556095020    0   0   0
NI              10.9770792000        0.7101865830        1.4556095020    0   0   0
NI              12.1960327970        2.8214761450        1.4556095020    0   0   0
NI              13.4149863950        4.9327657080        1.4556095020    0   0   0
NI              14.6339399920        7.0440552710        1.4556095020    0   0   0
NI              15.8528935890        9.1553448320        1.4556095020    0   0   0
NI              17.0718471870       11.2666343950        1.4556095020    0   0   0
NI              13.4149863960        0.7101865830        1.4556095020    0   0   0
NI              14.6339399920        2.8214761450        1.4556095020    0   0   0
NI              15.8528935900        4.9327657080        1.4556095020    0   0   0
NI              17.0718471870        7.0440552710        1.4556095020    0   0   0
NI              18.2908007840        9.1553448320        1.4556095020    0   0   0
NI              19.5097543820       11.2666343950        1.4556095020    0   0   0
NI              13.4529671541        7.7630559783        3.4053542397
NI              14.6463843618        9.8308445004        3.3963886220
NI              15.8390676044        7.7665169604        3.3938279170
NI              12.2438942207        9.8357845042        3.4422449266
NI              14.6441553277        5.6889523161        3.4228672175
NI              17.0350943881        9.8326431563        3.4118827389
NI              11.0256035373        7.7528942464        3.4558467796
NI              13.4417068774       11.9237564172        3.4372677341
NI              12.2339862683        5.6737515015        3.4347489311
NI              15.8429417979       11.9182950162        3.4275611562
NI              17.0463130178        5.6821229838        3.4319936453
NI              18.2410745235        7.7588300526        3.4254665589
NI               9.7908732636        9.8451073924        3.4764405653
NI              11.0144010859       11.9451307079        3.4633282930
NI              13.4260631953        3.5675861793        3.4600755799
NI              18.2555145208       11.9338186748        3.4513978032
NI              15.8504606013        3.5740841060        3.4550833976
NI              19.4640400346        9.8404113978        3.4601055274
NI               4.8464129450        5.6614028298        3.4505135867
NI               7.3266587619        1.3731074570        3.4585445793
NI               9.7872709282        5.6522577690        3.4716132456
NI               3.6527656402        3.5538258866        3.4727230651
NI               6.0677469315        7.7483357144        3.4756872010
NI               4.9002637922        1.3931002006        3.4773419192
NI               8.5543772825        7.7461524989        3.4793693293
NI               9.7444675010        1.3817046350        3.4683775445
NI              10.9891816213        3.5410701286        3.4756350316
NI               2.4573478843        1.4202464094        3.4904687505
NI               7.3107773254        9.8459241756        3.4871828080
NI              12.1818802159        1.4111429567        3.4813124569
NI               6.0953648357        3.5244837263        3.4802933432
NI               7.3110854715        5.6457688053        3.4866327956
NI               8.5430883496        3.5153022549        3.4888511622
NI               8.5497330900       11.9598870654        3.4922903908
NI              14.6302124212        1.4299158110        3.4969468515
NI              20.7016877217       11.9554696659        3.4793028749
AG              -0.0972610125       -0.0253730805        5.7913702464
AG               5.7785340675        5.0405329950        5.7727928772
AG               7.2057345113        2.5445039990        5.7740092406
AG               8.6539472627        5.0555265180        5.7668323838
AG               1.3534073784        2.4711986704        5.7791325672
AG               5.8051451132       10.1636020073        5.8208670374
AG               2.7777383014       -0.0218913571        5.8026064298
AG               8.6453665843       10.1498498583        5.8457013789
AG              11.6331519857        0.0185456807        5.8009328871
AG              13.0672008741        2.4906703273        5.7884182858
AG               4.2726641308        2.4998694261        5.7937425118
AG               7.2370362915        7.6167863287        5.8199025186
AG              10.1315880753        2.5375767818        5.7855597626
AG               2.8548516096        4.9932938552        5.8201610094
AG               4.3556162563        7.5757360784        5.8191874178
AG               5.7121865197        0.0249418165        5.8153009033
AG              10.0609639557        7.6187508027        5.8299317566
AG               8.6837111221        0.0429400347        5.8163963444
AG              11.5529060307        5.0336610656        5.7931624163
AG              11.5064107815       10.1660117813        5.8435529050
AG              14.5104833489        4.9869592865        5.8276543851
AG              17.5108761514       10.1494012518        5.8399838200
AG              12.9948213852        7.5767503871        5.8430255969
AG              14.4988554672       10.1470981697        5.8522785335
AG              16.0075742935        7.5523630759        5.8582817959
AG               5.7424100987        3.3604043061        8.0872209499
AG               7.1987068133        5.8861459671        8.0978994501
AG               8.6687099191        3.3699593597        8.0884857229
AG               4.2890019385        5.8868720675        8.1061577115
AG               7.2049109544        0.8372984654        8.1040393231
AG              10.1356512425        5.8832974619        8.1048249622
AG               1.3502218457        0.8498481639        8.1061389453
AG               7.1381284670       11.0280103877        8.1733234667
AG              13.0515136880        0.8579427462        8.1197022857
AG               2.8179933694        3.3469126397        8.1165811690
AG               5.7322401909        8.4418689519        8.1134745138
AG               4.2807928966        0.8438693927        8.1194339461
AG               8.6619431579        8.3709845983        8.1810381321
AG              10.1376489382        0.8450310723        8.1092971084
AG              11.5977424357        3.3684916369        8.0960561914
AG              11.5998427296        8.4299516453        8.1204933503
AG              13.0663138306       10.9691277316        8.1278430042
AG              13.0573270006        5.8833648238        8.1120016567
AG              15.9904196608       10.9727207328        8.1101977254
AG              15.9930671980        5.8739502035        8.1233732707
AG              17.4574098937        8.4296814530        8.1204515008
AG              10.1822051047       11.0151563014        8.1820572757
AG              14.5271132844        3.3509339831        8.1193385393
AG              18.8987374523       10.9868800479        8.1345526906
AG              14.5258643533        8.4212087720        8.1217752916
O                8.6519851446       10.1375572146        9.6951388841
H                8.6641170146       10.1382975023       10.6677317321
