ATOMIC_POSITIONS (angstrom)
Ni               2.6797587124        1.5471594140        1.5000001930    0   0   0
Ni               5.3595174249        1.5471594140        1.5000001930    0   0   0
Ni               8.0392761373        1.5471594140        1.5000001930    0   0   0
Ni              10.7190348497        1.5471594140        1.5000001930    0   0   0
Ni               4.0196380686        3.8678985350        1.5000001930    0   0   0
Ni               6.6993967811        3.8678985350        1.5000001930    0   0   0
Ni               9.3791554935        3.8678985350        1.5000001930    0   0   0
Ni              12.0589142059        3.8678985350        1.5000001930    0   0   0
Ni               5.3595174249        6.1886376559        1.5000001930    0   0   0
Ni               8.0392761373        6.1886376559        1.5000001930    0   0   0
Ni              10.7190348497        6.1886376559        1.5000001930    0   0   0
Ni              13.3987935621        6.1886376559        1.5000001930    0   0   0
Ni               6.6993967811        8.5093767769        1.5000001930    0   0   0
Ni               9.3791554935        8.5093767769        1.5000001930    0   0   0
Ni              12.0589142059        8.5093767769        1.5000001930    0   0   0
Ni              14.7386729183        8.5093767769        1.5000001930    0   0   0
Ni               1.3397665560        0.7735145818        3.3674831121
Ni               4.0195503953        0.7737432748        3.3675517189
Ni               6.6994844544        0.7737432748        3.3675517189
Ni               9.3792682937        0.7735145818        3.3674831121
Ni               2.6798565296        3.0941611167        3.3675517189
Ni               5.3595174248        3.0943188280        3.3675269532
Ni               8.0391783201        3.0941611167        3.3675517189
Ni              10.7190348497        3.0939695219        3.3675721899
Ni               4.0198235592        5.4150520924        3.3675517189
Ni               6.6992112905        5.4150520924        3.3675517189
Ni               9.3789226392        5.4149235105        3.3676699482
Ni              12.0591470602        5.4149235105        3.3676699482
Ni               5.3595174248        7.7359273203        3.3674831121
Ni               8.0389736294        7.7359717229        3.3675721899
Ni              10.7190348497        7.7360659469        3.3676699482
Ni              13.3990960700        7.7359717229        3.3675721899
Ag               1.3398905028        2.3207305494        5.5934215497
Ag               4.0196489654        2.3207454122        5.5933855990
Ag               6.6993858843        2.3207454122        5.5933855990
Ag               9.3791443469        2.3207305494        5.5934215497
Ag               2.6797844052        4.6414634082        5.5934935118
Ag               5.3595174249        4.6414656594        5.5933855990
Ag               8.0392504445        4.6414634082        5.5934935118
Ag              10.7190348497        4.6414648074        5.5935601836
Ag               4.0196510652        6.9622119955        5.5934215497
Ag               6.6993837845        6.9622119955        5.5934215497
Ag               9.3791438589        6.9622240802        5.5935601836
Ag              12.0589258406        6.9622240802        5.5935601836
Ag               5.3595174249        9.2829564839        5.5933754630
Ag               8.0392742873        9.2829704229        5.5934215497
Ag              10.7190348497        9.2829861514        5.5934935118
Ag              13.3987954121        9.2829704229        5.5934215497
Ag               2.6797610205        1.5471607465        8.3485514853
Ag               5.3595174249        1.5471647538        8.3485359463
Ag               8.0392738292        1.5471607465        8.3485514853
Ag              10.7190348497        1.5471572029        8.3485714949
Ag               4.0196426930        3.8678958651        8.3485359463
Ag               6.6993921567        3.8678958651        8.3485359463
Ag               9.3791514576        3.8678935425        8.3485552790
Ag              12.0589182419        3.8678935425        8.3485552790
Ag               5.3595174249        6.1886349908        8.3485514853
Ag               8.0392697957        6.1886366569        8.3485552790
Ag              10.7190348497        6.1886376559        8.3485538436
Ag              13.3987999037        6.1886366569        8.3485552790
Ag               6.6993948662        8.5093778824        8.3485714949
Ag               9.3791531879        8.5093827684        8.3485552790
Ag              12.0589165115        8.5093827684        8.3485552790
Ag              14.7386748332        8.5093778824        8.3485714949
