ATOMIC_POSITIONS (angstrom)
NI               1.2254504230        0.7101865830        1.4556095020    0   0   0
NI               2.4444040200        2.8214761450        1.4556095020    0   0   0
NI               3.6633576180        4.9327657080        1.4556095020    0   0   0
NI               4.8823112150        7.0440552710        1.4556095020    0   0   0
NI               6.1012648120        9.1553448320        1.4556095020    0   0   0
NI               7.3202184090       11.2666343950        1.4556095020    0   0   0
NI               3.6633576170        0.7101865830        1.4556095020    0   0   0
NI               4.8823112140        2.8214761450        1.4556095020    0   0   0
NI               6.1012648110        4.9327657080        1.4556095020    0   0   0
NI               7.3202184090        7.0440552710        1.4556095020    0   0   0
NI               8.5391720050        9.1553448320        1.4556095020    0   0   0
NI               9.7581256030       11.2666343950        1.4556095020    0   0   0
NI               6.1012648120        0.7101865830        1.4556095020    0   0   0
NI               7.3202184090        2.8214761450        1.4556095020    0   0   0
NI               8.5391720060        4.9327657080        1.4556095020    0   0   0
NI               9.7581256040        7.0440552710        1.4556095020    0   0   0
NI              10.9770792000        9.1553448320        1.4556095020    0   0   0
NI              12.1960327980       11.2666343950        1.4556095020    0   0   0
NI               8.5391720070        0.7101865830        1.4556095020    0   0   0
NI               9.7581256040        2.8214761450        1.4556095020    0   0   0
NI              10.9770792010        4.9327657080        1.4556095020    0   0   0
NI              12.1960327990        7.0440552710        1.4556095020    0   0   0
NI              13.4149863960        9.1553448320        1.4556095020    0   0   0
NI              14.6339399930       11.2666343950        1.4556095020    0   0   0
NI              10.9770792000        0.7101865830        1.4556095020    0   0   0
NI              12.1960327970        2.8214761450        1.4556095020    0   0   0
NI              13.4149863950        4.9327657080        1.4556095020    0   0   0
NI              14.6339399920        7.0440552710        1.4556095020    0   0   0
NI              15.8528935890        9.1553448320        1.4556095020    0   0   0
NI              17.0718471870       11.2666343950        1.4556095020    0   0   0
NI              13.4149863960        0.7101865830        1.4556095020    0   0   0
NI              14.6339399920        2.8214761450        1.4556095020    0   0   0
NI              15.8528935900        4.9327657080        1.4556095020    0   0   0
NI              17.0718471870        7.0440552710        1.4556095020    0   0   0
NI              18.2908007840        9.1553448320        1.4556095020    0   0   0
NI              19.5097543820       11.2666343950        1.4556095020    0   0   0
NI              13.4544360305        7.7639731975        3.4027417792
NI              14.6468243426        9.8309718931        3.3968394547
NI              15.8401643485        7.7664812699        3.3939600321
NI              12.2441818937        9.8354746817        3.4408666886
NI              14.6441706920        5.6902883065        3.4187232222
NI              17.0353389266        9.8327479008        3.4114414978
NI              11.0286085870        7.7527892889        3.4445970669
NI              13.4413270219       11.9233802306        3.4380552235
NI              12.2359072258        5.6757733212        3.4252725614
NI              15.8427200651       11.9182995570        3.4278135606
NI              17.0468022473        5.6824005400        3.4322714324
NI              18.2413195825        7.7590388948        3.4252403999
NI               9.7915151337        9.8442147158        3.4762669918
NI              11.0139431281       11.9459365078        3.4632242517
NI              13.4253906938        3.5685548252        3.4592290440
NI              18.2555839246       11.9334830506        3.4504793474
NI              15.8509728526        3.5734546534        3.4549885788
NI              19.4641859151        9.8403993829        3.4593102923
NI               4.8460950035        5.6621087202        3.4483710603
NI               7.3264141614        1.3731061290        3.4572518325
NI               9.7883464073        5.6533765739        3.4617614630
NI               3.6522120580        3.5545692450        3.4721748948
NI               6.0682173042        7.7483953000        3.4770970499
NI               4.8994643384        1.3929734316        3.4772894612
NI               8.5528901966        7.7459932605        3.4745483528
NI               9.7448805625        1.3827704007        3.4692026392
NI              10.9882883772        3.5398784272        3.4726535316
NI               2.4576389738        1.4204530770        3.4905385234
NI               7.3110596704        9.8459789406        3.4871601890
NI              12.1816196336        1.4113635626        3.4805907156
NI               6.0948457333        3.5246340403        3.4791337094
NI               7.3092364028        5.6467406721        3.4827323538
NI               8.5429828321        3.5141476294        3.4864351557
NI               8.5498043052       11.9593765416        3.4921163231
NI              14.6303652744        1.4295556773        3.4962250647
NI              20.7016441505       11.9556691150        3.4792861205
AG              -0.0961554557       -0.0257208717        5.7912823069
AG               5.7717604812        5.0376276492        5.7676661142
AG               7.2012061417        2.5434453817        5.7702894659
AG               8.6452155982        5.0500607401        5.7477677866
AG               1.3549229759        2.4695239574        5.7793788021
AG               5.8055472084       10.1617321821        5.8192925324
AG               2.7784557990       -0.0202215519        5.8025438091
AG               8.6451553452       10.1550218332        5.8409670308
AG              11.6338974282        0.0182488895        5.7996508933
AG              13.0729751687        2.4852534485        5.7824874957
AG               4.2714185023        2.5011320564        5.7937653835
AG               7.2369628053        7.6147387115        5.8174103701
AG              10.1299489620        2.5377163328        5.7847692514
AG               2.8538653253        4.9946448303        5.8204105193
AG               4.3554654633        7.5764230356        5.8181996440
AG               5.7125392636        0.0275260054        5.8151546544
AG              10.0594422282        7.6373572474        5.8070353950
AG               8.6848819156        0.0442709873        5.8161739711
AG              11.5560670939        5.0258359094        5.7743449410
AG              11.5077582171       10.1766696553        5.8366917982
AG              14.5249489963        4.9748969142        5.8136662497
AG              17.5087756666       10.1499946791        5.8394958342
AG              12.9926156373        7.5800857786        5.8339312972
AG              14.4972711112       10.1488447076        5.8529085670
AG              16.0052251309        7.5542045363        5.8589829788
AG               5.7403432275        3.3605880308        8.0900526612
AG               7.1764974869        5.8849330628        8.0854079786
AG               8.6624106995        3.3584376394        8.0801316422
AG               4.2824662749        5.8873566442        8.1081795519
AG               7.2036835497        0.8382733305        8.1046755427
AG              10.1094669999        5.8959292883        8.0105242566
AG               1.3494201698        0.8496844499        8.1070843873
AG               7.1407663513       11.0268083403        8.1722247657
AG              13.0523749758        0.8544720293        8.1214016198
AG               2.8149175388        3.3479005911        8.1174308758
AG               5.7274667250        8.4425982881        8.1147849595
AG               4.2792510462        0.8462011934        8.1195857192
AG               8.6475656890        8.3850256659        8.1613571891
AG              10.1380369706        0.8433107713        8.1134988551
AG              11.6042730257        3.3593927248        8.0776017517
AG              11.6084959424        8.4422754241        8.1003592906
AG              13.0683399829       10.9764575302        8.1310815159
AG              13.0844445908        5.8809889407        8.0694760503
AG              15.9895249121       10.9740055349        8.1111022875
AG              15.9972142749        5.8748565259        8.1261609819
AG              17.4560954258        8.4309830335        8.1202615396
AG              10.1843206931       11.0164780538        8.1826644273
AG              14.5246375833        3.3496120661        8.1254631544
AG              18.8994129187       10.9862966851        8.1327544535
AG              14.5258503459        8.4239051745        8.1268308126
O               10.0838239427        5.9173320124       10.5114523271
H               12.1284838406        5.9847466992       10.5963693416
C               11.1696204240        5.6434238157       11.0242233336
H                9.3050158310        4.8141801795       11.9223381195
O                9.8911770322        4.3694649733       12.5787868094
C               11.1897958929        4.8681881926       12.3029760188
H               11.9046305232        4.0329335044       12.2271200692
O               12.9409354438        6.3277423663       12.9561816754
C               11.6892650483        5.8344754732       13.4136798188
H               10.9363073671        6.6440537796       13.5075138030
H               13.4353408340        6.6335531495       13.7495681564
H               12.5705997589        4.3290087576       14.6737263755
C               11.7937333342        5.1141234405       14.7714240311
O               10.5448592635        4.5435492934       15.1707904644
O               13.5332729900        6.5532055145       15.5507554125
C               12.2141316270        6.0684054118       15.8993474850
H               10.0262125629        4.3372430121       14.3603790155
H               11.4874835938        6.9005405263       15.9395032775
H               13.8118383883        7.2050641737       16.2161896794
H               12.8666343329        4.4583674717       17.1835088908
C               12.2569707851        5.3786382381       17.2698047532
O               10.9720542853        5.1271933718       17.8141829349
H               12.7738317576        6.0482517387       17.9769465017
H               10.4623568404        4.6802735887       17.1079479069
O                8.6588201741       10.1341792768        9.7010781498
H                8.6595239441       10.1390904892       10.6739274675
