ATOMIC_POSITIONS {angstrom}
Nb 0.0010000015470039455 0 3.15616638
S 0.0010000015470039455 1.94496012 4.71924415
S 0.0010000015470039455 1.94496012 1.59308861
Nb -1.6833832684529961 2.91743872 3.15616638
S -1.683384598452996 4.86239885 4.71924415
S -1.683384598452996 4.86239885 1.59308861
Nb 3.3697676015470037 0 3.15616638
S 3.369766271547004 1.94496012 4.71924415
S 3.369766271547004 1.94496012 1.59308861
Nb 1.685384331547004 2.91743872 3.15616638
S 1.685383001547004 4.86239885 4.71924415
S 1.685383001547004 4.86239885 1.59308861
Nb -3.3677665384529964 5.83487745 3.15616638
S -3.3677678684529964 7.77983757 4.71924415
S -3.3677678684529964 7.77983757 1.59308861
Nb -5.052149808452996 8.75231617 3.15616638
S -5.052151148452996 10.6972763 4.71924415
S -5.052151148452996 10.6972763 1.59308861
Nb 0.0010000015470039455 5.83487745 3.15616638
S 0.0010000015470039455 7.77983757 4.71924415
S 0.0010000015470039455 7.77983757 1.59308861
Nb -1.6833822084529961 8.75231617 3.15616638
S -1.683383548452996 10.6972763 4.71924415
S -1.683383548452996 10.6972763 1.59308861
Nb 6.738535201547004 0 3.15616638
S 6.738533871547004 1.94496012 4.71924415
S 6.738533871547004 1.94496012 1.59308861
Nb 5.054151931547004 2.91743872 3.15616638
S 5.054150601547004 4.86239885 4.71924415
S 5.054150601547004 4.86239885 1.59308861
Nb 10.107302801547004 0 3.15616638
S 10.107301471547004 1.94496012 4.71924415
S 10.107301471547004 1.94496012 1.59308861
Nb 8.422919531547004 2.91743872 3.15616638
S 8.422918201547004 4.86239885 4.71924415
S 8.422918201547004 4.86239885 1.59308861
Nb 3.369768661547004 5.83487745 3.15616638
S 3.3697673315470036 7.77983757 4.71924415
S 3.3697673315470036 7.77983757 1.59308861
Nb 1.685385391547004 8.75231617 3.15616638
S 1.685384051547004 10.6972763 4.71924415
S 1.685384051547004 10.6972763 1.59308861
Nb 6.7385362615470035 5.83487745 3.15616638
S 6.738534931547004 7.77983757 4.71924415
S 6.738534931547004 7.77983757 1.59308861
Nb 5.054152991547004 8.75231617 3.15616638
S 5.054151651547004 10.6972763 4.71924415
S 5.054151651547004 10.6972763 1.59308861
