ATOMIC_POSITIONS (angstrom)
NI               1.2286390390        0.7093535490        9.0128649340    0   0   0
NI               2.4572760100        2.8374169220        9.0128649340    0   0   0
NI               3.6859498400        4.9655441370        9.0128649340    0   0   0
NI               3.6859144660        0.7093535490        9.0128649340    0   0   0
NI               4.9145514370        2.8374169220        9.0128649340    0   0   0
NI               6.1432252670        4.9655441370        9.0128649340    0   0   0
NI               6.1432636120        0.7093535490        9.0128649340    0   0   0
NI               7.3719005830        2.8374169220        9.0128649340    0   0   0
NI               8.6005744130        4.9655441370        9.0128649340    0   0   0
NI               0.0000019230       -0.0000011100       11.0189462060    0   0   0
NI               1.2286511800        2.1280835430       11.0189462060    0   0   0
NI               2.4573004370        4.2561681970       11.0189462060    0   0   0
NI               2.4573019230       -0.0000011100       11.0189462060    0   0   0
NI               3.6859511800        2.1280835430       11.0189462060    0   0   0
NI               4.9146004370        4.2561681970       11.0189462060    0   0   0
NI               4.9146019230       -0.0000011100       11.0189462060    0   0   0
NI               6.1432511800        2.1280835430       11.0189462060    0   0   0
NI               7.3719004370        4.2561681970       11.0189462060    0   0   0
NI               2.4642244780        1.4227189880       13.0272881070    0   0   0
NI               3.6924327390        3.5506983320       13.0276201530    0   0   0
NI               4.9212127460        1.4223897070       13.0276202510    0   0   0
NI               4.9211289880        5.6792703610       13.0277505390    0   0   0
NI               7.3789582730        1.4221866730       13.0277506190    0   0   0
NI               6.1494102800        3.5503628350       13.0279816350    0   0   0
NI               8.6071640600        3.5501702390       13.0280595260    0   0   0
NI               7.3781196110        5.6789367880       13.0280595390    0   0   0
NI               9.8358884290        5.6787529240       13.0281948130    0   0   0
NI               8.6117605830        4.9720020900       15.0186578060    0   0   0
NI               7.3827869000        2.8442350780       15.0193609080    0   0   0
NI               6.1545735900        4.9715622540       15.0193609870    0   0   0
NI               3.6967676190        4.9714536840       15.0198461330    0   0   0
NI               6.1537906650        0.7157666040       15.0198461880    0   0   0
NI               4.9255624130        2.8437736980       15.0200052340    0   0   0
NI               2.4677586240        2.8437215940       15.0204940710    0   0   0
NI               3.6966160050        0.7152787130       15.0204940950    0   0   0
NI               1.2387561530        0.7151941710       15.0209755470    0   0   0
CU               3.6983605790        2.1352480720       17.0975611220    0   0   0
CU               1.2411159100        2.1352155180       17.0978014380    0   0   0
CU               2.4697108070        0.0072275920       17.0978015350    0   0   0
CU               0.0125040740        0.0072168940       17.0980434560    0   0   0
CU               4.9270970170        4.2630879460       17.0982970610    0   0   0
CU               6.1554922450        2.1354459510       17.0982970840    0   0   0
CU               4.9267502260        0.0076215920       17.0985396480    0   0   0
CU               2.4699760600        4.2628774400       17.0985397210    0   0   0
CU               7.3842970870        4.2633253690       17.0989758590    0   0   0
CU               9.8573189435        5.7042378322       19.1936894955
CU               7.4010866033        1.4460884834       19.1961062288
CU               4.9441196311        5.7047317851       19.1931062834
CU               2.4868145457        1.4473687001       19.1849507510
CU               8.6310679928        3.5744049723       19.1998784890
CU               7.4010408491        5.7093076340       19.1999613765
CU               4.9410967275        1.4468191098       19.1934131245
CU               3.7142902298        3.5722150833       19.1924717762
CU               6.1737423222        3.5742293387       19.2044701646
CU               8.6420820986        5.0055532064       21.2964893773
CU               7.4196801518        2.8786108484       21.3110708425
CU               6.1882116710        5.0046154459       21.2969427852
CU               6.1878638314        0.7553991062       21.2863426586
CU               3.7330047514        5.0067297971       21.2761296287
CU               4.9444429999        2.8679605279       21.3029854337
CU               2.5101767872        2.8689981707       21.2987538147
CU               3.7280811753        0.7610921135       21.3047283120
CU               1.2778726814        0.7577580044       21.2932461195
CU               3.7555623275        2.1826251601       23.4134269748
CU               6.2158607932        2.1838963367       23.3562541813
CU               4.9812862757        4.3181642998       23.3379281798
CU               2.5171953183        0.0343828897       23.3389426084
CU               1.2856078942        2.1921795581       23.3716025209
CU               4.9846455281        0.0452698994       23.3340721956
CU               2.5150940194        4.3278747571       23.3144780186
CU               0.0561626138        0.0510804816       23.3411276142
CU               7.4289933050        4.3069932355       23.3910024782
O                3.1538132711        1.9503585069       25.1749567913
H                5.0110241481        2.5180129653       25.9696343963
H                3.6670876791        3.6441759036       26.2765075793
C                3.9279032048        2.5717107231       26.2083363346
O                4.2692154778        0.5906433177       27.6145183039
H                5.2357935580        0.7001454576       27.5434810642
C                3.7004413789        1.9033143956       27.5647329592
H                2.6202859778        1.7621549330       27.7285622019
C                4.2199531867        2.7950819702       28.6905551066
H                3.9148858220        3.8398637522       28.5108755999
H                5.3257911926        2.7713004253       28.6965339589
O                3.6916252149        2.3144062461       29.9271979229
H                4.1212939384        2.7940788403       30.6541734485
