&CONTROL
 calculation = 'relax'
 forc_conv_thr = 5.0d-4
 nstep = 100
 outdir = './output/'
 prefix = 'NiCu_slab'
 pseudo_dir = '/home/node1/PSP/PseudosP/pslibrary-master/pbe/PSEUDOPOTENTIALS/'
 restart_mode = 'from_scratch'
 tprnfor = .true.
 verbosity = 'high'
 wf_collect = .true.
/

&SYSTEM
 ibrav = 0
 nat = 72
 ntyp = 2

 ecutwfc = 50
 ecutrho = 400

 occupations = 'smearing'
 degauss = 0.02

 nspin = 1
 !starting_magnetization(1) = 0.50   ! Ni
 !starting_magnetization(2) = 0.00   ! Cu

 nosym = .true.
 noinv = .false.
 noncolin = .false.

 vdw_corr = 'grimme-d3'
/

&ELECTRONS
 conv_thr = 1.0d-7
 electron_maxstep = 150
 mixing_beta = 0.10
 mixing_mode = 'plain'
 scf_must_converge = .true.
 startingwfc = 'random'
/

&IONS
 ion_dynamics = 'bfgs'
 upscale = 100
/

ATOMIC_SPECIES
Ni 58.7    Ni.pbe-n-rrkjus_psl.1.0.0.UPF
Cu 63.546  Cu.pbe-dn-rrkjus_psl.1.0.0.UPF

K_POINTS automatic
3 3 1 0 0 0

CELL_PARAMETERS angstrom
  7.371898000   0.000000000   0.000000000
  3.685949000   6.384250942   0.000000000
  0.000000000   0.000000000  42.044635000

ATOMIC_POSITIONS angstrom
Ni 0.0000000000  0.0000000000  10.0000000900    0   0   0
Ni 8.6005476670  2.1280836470  10.0000000900    0   0   0
Ni 9.8291973330  4.2561672950  10.0000000900    0   0   0
Ni 2.4572993330  0.0000000000  10.0000000900    0   0   0
Ni 3.6859490000  2.1280836470  10.0000000900    0   0   0
Ni 4.9145986670  4.2561672950  10.0000000900    0   0   0
Ni 4.9145986670 -0.0000000000  10.0000000900    0   0   0
Ni 6.1432483330  2.1280836470  10.0000000900    0   0   0
Ni 7.3718980000  4.2561672950  10.0000000900    0   0   0
Ni 1.6381995390  1.4187224170  12.0063763950    0   0   0
Ni 2.8668492300  3.5468061070  12.0063763950    0   0   0
Ni 4.0954988850  5.6748897330  12.0063763950    0   0   0
Ni 4.0954988480  1.4187224170  12.0063763950    0   0   0
Ni 5.3241485390  3.5468061070  12.0063763950    0   0   0
Ni 6.5527981940  5.6748897330  12.0063763950    0   0   0
Ni 6.5527982300  1.4187224170  12.0063763950    0   0   0
Ni 7.7814479220  3.5468061070  12.0063763950    0   0   0
Ni 9.0100975760  5.6748897330  12.0063763950    0   0   0
Ni 2.0477494240  0.7093612090  14.1640614079    1   1   1
Ni 3.2763990780  2.8374448350  14.1640729510    1   1   1
Ni 4.5050487700  4.9655285250  14.1640397249    1   1   1
Ni 4.5050488060  0.7093612090  14.1640710442    1   1   1
Ni 5.7336984610  2.8374448350  14.1640423651    1   1   1
Ni 6.9623481520  4.9655285250  14.1640482523    1   1   1
Ni 6.9623481150  0.7093612090  14.1640292016    1   1   1
Ni 8.1909977700  2.8374448350  14.1640591992    1   1   1
Ni 9.4196474610  4.9655285250  14.1640542752    1   1   1
Ni 0.0000000000  0.0000000000  16.3281461601    1   1   1
Ni 8.6005476670  2.1280836470  16.3282017117    1   1   1
Ni 9.8291973330  4.2561672950  16.3281943160    1   1   1
Ni 2.4572993330  0.0000000000  16.3281936332    1   1   1
Ni 3.6859490000  2.1280836470  16.3282178261    1   1   1
Ni 4.9145986670  4.2561672950  16.3281642570    1   1   1
Ni 4.9145986670 -0.0000000000  16.3282096042    1   1   1
Ni 6.1432483330  2.1280836470  16.3281694314    1   1   1
Ni 7.3718980000  4.2561672950  16.3281777139    1   1   1
Cu 1.6381995390  1.4187224170  18.5439570376    1   1   1
Cu 2.8668492300  3.5468061070  18.5439633173    1   1   1
Cu 4.0954988850  5.6748897330  18.5439058502    1   1   1
Cu 4.0954988480  1.4187224170  18.5439876693    1   1   1
Cu 5.3241485390  3.5468061070  18.5439225604    1   1   1
Cu 6.5527981940  5.6748897330  18.5439394362    1   1   1
Cu 6.5527982300  1.4187224170  18.5439267688    1   1   1
Cu 7.7814479220  3.5468061070  18.5439293781    1   1   1
Cu 9.0100975760  5.6748897330  18.5439799569    1   1   1
Cu 2.0477494240  0.7093612090  20.7902126971    1   1   1
Cu 3.2763990780  2.8374448350  20.7902464746    1   1   1
Cu 4.5050487700  4.9655285250  20.7901894566    1   1   1
Cu 4.5050488060  0.7093612090  20.7902646291    1   1   1
Cu 5.7336984610  2.8374448350  20.7902077891    1   1   1
Cu 6.9623481520  4.9655285250  20.7902013196    1   1   1
Cu 6.9623481150  0.7093612090  20.7901985813    1   1   1
Cu 8.1909977700  2.8374448350  20.7901995154    1   1   1
Cu 9.4196474610  4.9655285250  20.7902560575    1   1   1
Cu 0.0000000000  0.0000000000  23.0269984555    1   1   1
Cu 8.6005476670  2.1280836470  23.0270021482    1   1   1
Cu 9.8291973330  4.2561672950  23.0270571878    1   1   1
Cu 2.4572993330  0.0000000000  23.0270017784    1   1   1
Cu 3.6859490000  2.1280836470  23.0270601890    1   1   1
Cu 4.9145986670  4.2561672950  23.0270145411    1   1   1
Cu 4.9145986670 -0.0000000000  23.0270616009    1   1   1
Cu 6.1432483330  2.1280836470  23.0270229136    1   1   1
Cu 7.3718980000  4.2561672950  23.0270045469    1   1   1
Cu 1.6381995390  1.4187224170  25.2850662056    1   1   1
Cu 2.8668492300  3.5468061070  25.2851087825    1   1   1
Cu 4.0954988850  5.6748897330  25.2850557187    1   1   1
Cu 4.0954988480  1.4187224170  25.2851264500    1   1   1
Cu 5.3241485390  3.5468061070  25.2850863661    1   1   1
Cu 6.5527981940  5.6748897330  25.2850515046    1   1   1
Cu 6.5527982300  1.4187224170  25.2850924609    1   1   1
Cu 7.7814479220  3.5468061070  25.2850653737    1   1   1
Cu 9.0100975760  5.6748897330  25.2851115194    1   1   1