ATOMIC_POSITIONS (angstrom)
Ni               1.2286497520        0.7093615510       11.2500000000    0   0   0
Ni               2.4572990100        2.8374462050       11.2500000000    0   0   0
Ni               3.6859482670        4.9655308580       11.2500000000    0   0   0
Ni               4.9145975240        7.0936155120       11.2500000000    0   0   0
Ni               3.6859497520        0.7093615510       11.2500000000    0   0   0
Ni               4.9145990100        2.8374462050       11.2500000000    0   0   0
Ni               6.1432482670        4.9655308580       11.2500000000    0   0   0
Ni               7.3718975240        7.0936155120       11.2500000000    0   0   0
Ni               6.1432497520        0.7093615510       11.2500000000    0   0   0
Ni               7.3718990100        2.8374462050       11.2500000000    0   0   0
Ni               8.6005482670        4.9655308580       11.2500000000    0   0   0
Ni               9.8291975240        7.0936155120       11.2500000000    0   0   0
Ni               8.6005497520        0.7093615510       11.2500000000    0   0   0
Ni               9.8291990100        2.8374462050       11.2500000000    0   0   0
Ni              11.0578482670        4.9655308580       11.2500000000    0   0   0
Ni              12.2864975240        7.0936155120       11.2500000000    0   0   0
Ni               9.8231926170        0.0024995240       13.3023445020    0   0   0
Ni              11.0518089830        2.1302240240       13.3047084140    0   0   0
Ni              12.2800508460        4.2570722560       13.3044621730    0   0   0
Ni              13.5092872810        6.3850384710       13.3032135990    0   0   0
Ni               2.4517697470        0.0021660600       13.3026623600    0   0   0
Ni               3.6803279060        2.1303359400       13.3041136820    0   0   0
Ni               4.9088074780        4.2579363990       13.3054287220    0   0   0
Ni               6.1372745400        6.3857876860       13.3032783460    0   0   0
Ni               4.9086517490        0.0018312680       13.3024059970    0   0   0
Ni               6.1374036900        2.1309748260       13.3056096280    0   0   0
Ni               7.3661494970        4.2582451230       13.3069521290    0   0   0
Ni               8.5943412640        6.3854189360       13.3048452030    0   0   0
Ni               7.3652045600        0.0023769350       13.3020218590    0   0   0
Ni               8.5942385870        2.1304695640       13.3043867890    0   0   0
Ni               9.8231946460        4.2572739590       13.3057508080    0   0   0
Ni              11.0517679490        6.3857120740       13.3033345670    0   0   0
Ni               2.4490340010        1.4222228900       15.3362210300    0   0   0
Ni               3.6772966340        3.5494520400       15.3385526490    0   0   0
Ni               4.9062018310        5.6779299860       15.3378107870    0   0   0
Ni               6.1346571370        7.8070605970       15.3335997660    0   0   0
Ni               4.9058225440        1.4219700120       15.3362205140    0   0   0
Ni               6.1346426160        3.5508505240       15.3401416950    0   0   0
Ni               7.3625330180        5.6784279340       15.3395242280    0   0   0
Ni               8.5915701700        7.8062468640       15.3354849980    0   0   0
Ni               7.3627070880        1.4224398610       15.3370387850    0   0   0
Ni               8.5913286880        3.5492678030       15.3408173340    0   0   0
Ni               9.8201850890        5.6778143970       15.3377748310    0   0   0
Ni              11.0486432900        7.8070022870       15.3347461740    0   0   0
Ni               9.8200953690        1.4222882770       15.3366655970    0   0   0
Ni              11.0486075170        3.5492992340       15.3407266610    0   0   0
Ni              12.2774144290        5.6772885480       15.3359640400    0   0   0
Ni              13.5061541410        7.8063455600       15.3319300910    0   0   0
Ni               1.2187910910        0.7145173250       17.3879335110    0   0   0
Ni               2.4472474040        2.8420654680       17.3934583510    0   0   0
Ni               3.6755426410        4.9714604160       17.3911200990    0   0   0
Ni               4.9045370410        7.0991000160       17.3858411420    0   0   0
Ni               3.6755273380        0.7130852300       17.3897672760    0   0   0
Ni               4.9036999830        2.8423805670       17.3934479200    0   0   0
Ni               6.1319552590        4.9726957520       17.3963329100    0   0   0
Ni               7.3614524680        7.0997442320       17.3897409240    0   0   0
Ni               6.1332850860        0.7119051780       17.3902533170    0   0   0
Ni               7.3623531400        2.8409773510       17.3961535170    0   0   0
Ni               8.5911690580        4.9716069240       17.3936889090    0   0   0
Ni               9.8197669710        7.1000576730       17.3889506800    0   0   0
Ni               8.5911411740        0.7131642410       17.3880086890    0   0   0
Ni               9.8198330200        2.8408219280       17.3957136840    0   0   0
Ni              11.0487030820        4.9704125330       17.3927697590    0   0   0
Ni              12.2763266390        7.0989938260       17.3852102910    0   0   0
O                6.0712761103        2.1487700984       20.1381064724
O                7.4054079858        4.2551935802       18.7842421842
O                5.1554105872        2.7458526524       22.7337986021
C                6.3040506761        3.4120514710       20.7762242616
C                7.5694532312        4.0093160499       20.1901384065
C                6.4288822142        3.2228426642       22.2813853953
H                5.4597069247        4.0998005855       20.5638234668
H                8.4246780795        3.3232294862       20.3000686646
H                7.7918921333        4.9633932312       20.6968720400
H                6.7002140816        4.1775011824       22.7646093525
H                7.2203043028        2.4791024728       22.4829964211
H                5.2900335391        1.7479120976       20.5670002052
H                2.8845761564        0.7842860715       19.9352862826
H                5.2220276680        2.4832913426       23.6666100422
O                2.2976460878        1.3079033554       20.5318149472
H                2.2337373912        2.1759014085       20.0701707120
