ATOMIC_POSITIONS (angstrom)
NI               1.2286497520        0.7093615510       11.2500000000    0   0   0
NI               2.4572990100        2.8374462050       11.2500000000    0   0   0
NI               3.6859482670        4.9655308580       11.2500000000    0   0   0
NI               4.9145975240        7.0936155120       11.2500000000    0   0   0
NI               3.6859497520        0.7093615510       11.2500000000    0   0   0
NI               4.9145990100        2.8374462050       11.2500000000    0   0   0
NI               6.1432482670        4.9655308580       11.2500000000    0   0   0
NI               7.3718975240        7.0936155120       11.2500000000    0   0   0
NI               6.1432497520        0.7093615510       11.2500000000    0   0   0
NI               7.3718990100        2.8374462050       11.2500000000    0   0   0
NI               8.6005482670        4.9655308580       11.2500000000    0   0   0
NI               9.8291975240        7.0936155120       11.2500000000    0   0   0
NI               8.6005497520        0.7093615510       11.2500000000    0   0   0
NI               9.8291990100        2.8374462050       11.2500000000    0   0   0
NI              11.0578482670        4.9655308580       11.2500000000    0   0   0
NI              12.2864975240        7.0936155120       11.2500000000    0   0   0
NI              -0.0115722148       -0.0078293969       13.3053646371
NI               1.2150294403        2.1215604779       13.3005852570
NI               2.4467975621        4.2468297444       13.3027758176
NI              13.5021227743        6.3759715738       13.3042574944
NI               2.4443457836       -0.0088430419       13.3010272340
NI               3.6712715611        2.1245076459       13.3114095264
NI               4.9003380883        4.2453359785       13.3063944706
NI               6.1330778985        6.3741824747       13.3023344085
NI               4.9027555985        0.0012603715       13.3009439685
NI               6.1333601424        2.1241082203       13.3017456511
NI               7.3612573695        4.2489875777       13.3115818748
NI               8.5897587500        6.3747379750       13.3100387134
NI               7.3618515163       -0.0051066273       13.3005195455
NI               8.5892088926        2.1282882762       13.3066268411
NI               9.8139740415        4.2491413277       13.3114078280
NI              11.0409327517        6.3784050648       13.3050987632
NI               2.4322365285        1.4082949887       15.3360849094
NI               3.6731961344        3.5289957464       15.3700166464
NI               4.8921978958        5.6626053723       15.3283409694
NI               6.1171513796        7.7932769332       15.3350328204
NI               4.8915604547        1.4195990645       15.3386026031
NI               6.1264111242        3.5375741650       15.3298698121
NI               7.3595037564        5.6623905675       15.3521877364
NI               8.5798326602        7.7956820272       15.3230467604
NI               7.3553369018        1.4136385452       15.3334000558
NI               8.5698863510        3.5348741729       15.3851150212
NI               9.7962350010        5.6547934879       15.3585129325
NI              11.0355720227        7.7930283386       15.3242758713
NI               9.8066673137        1.4087177672       15.3314736666
NI              11.0382499946        3.5355731849       15.3279120307
NI              12.2624150359        5.6631639906       15.3277038575
NI              13.4899149646        7.7910303592       15.3339291191
NI               1.2034449272        0.7098394646       17.4063677467
NI               2.4260570432        2.8331503244       17.3956621355
NI               3.6413216015        4.9887316815       17.3845618779
NI               4.8804757259        7.1016340684       17.3898438021
NI               3.6545086722        0.7056679378       17.3819728806
NI               4.8781960548        2.8578192248       17.4573640282
NI               6.0972450729        5.0212169868       17.3495445018
NI               7.3411012376        7.1261102647       17.3616511367
NI               6.1156262468        0.6554511790       17.3483157277
NI               7.3407386560        2.8053937069       17.4351363565
NI               8.5865719457        4.9825386653       17.5102469697
NI               9.8029425898        7.1035412343       17.3669808322
NI               8.5821389890        0.6926639827       17.3821705058
NI               9.8215245109        2.8164304593       17.3635612411
NI              11.0463286816        4.9562172833       17.3789662036
NI              12.2522060137        7.0855946024       17.3901287118
O                9.1146633948        3.6850025889       21.7936079728
O                8.3647559548        4.8087511361       19.5205260842
O                8.9903989182        5.3242324818       24.2419178343
C                8.6907025285        5.0605700137       21.8774843592
C                8.8820649964        5.7188788745       20.5105470124
C                9.3981779472        5.8359920508       22.9720279405
H                7.6167575554        4.9999868234       22.1080626452
H                9.9440979439        5.9347976508       20.2969423197
H                8.3030536972        6.6442402484       20.4083830475
H                9.1386797256        6.9066932062       22.8671740294
H               10.4943101283        5.7406310293       22.8252176840
H               10.0869379564        3.6566194611       21.8584382564
H                8.5774546235        3.9000034453       19.8357396221
H                9.4254664977        5.8504916785       24.9317710894
O                6.1192251315        2.9757068360       18.9581480564
H                6.0203181129        2.2398450295       19.5894449340
