&CONTROL
calculation = 'relax'
forc_conv_thr = 1d-3
nstep = 200
outdir = './output/'
prefix = 'VLAB'
pseudo_dir = '/home/node1/PSP/PseudosP/pslibrary-master/pbe/PSEUDOPOTENTIALS/'
restart_mode = 'from_scratch'
tprnfor = .TRUE.
verbosity = 'high'
wf_collect = .TRUE.
/
&SYSTEM
 ibrav = 0
 nat = 86
 ntyp = 4

 ecutwfc = 50
 ecutrho = 400

 occupations = 'smearing'
 degauss = 0.02

 nspin = 1


 nosym = .true.
 noinv = .false.
 noncolin = .false.

 vdw_corr = 'grimme-d3'
/
&ELECTRONS
conv_thr = 1e-08
electron_maxstep = 200
mixing_beta = 0.04
mixing_mode = 'plain'
scf_must_converge = .TRUE.
!startingwfc = 'random'
/
&IONS
ion_dynamics = 'bfgs'
upscale = 100
/
ATOMIC_SPECIES
Ni 58.7    Ni.pbe-n-rrkjus_psl.1.0.0.UPF
O  15.9994 O.pbe-n-rrkjus_psl.1.0.0.UPF
C  12.011  C.pbe-n-rrkjus_psl.1.0.0.UPF
H  1.00797 H.pbe-rrkjus_psl.1.0.0.UPF

K_POINTS {gamma}
!3 3 1 0 0 0


CELL_PARAMETERS angstrom
  7.371900000   0.000000000   0.000000000
  3.685947771   6.384253961   0.000000000
  0.000007169  -0.000004139  41.076510000

ATOMIC_POSITIONS angstrom
Ni  1.2286390390  0.7093535490   9.0125970590  0 0 0
Ni  2.4572760100  2.8374169220   9.0125970590  0 0 0
Ni  3.6859498400  4.9655441370   9.0125970590  0 0 0
Ni  3.6859144660  0.7093535490   9.0125970590  0 0 0
Ni  4.9145514370  2.8374169220   9.0125970590  0 0 0
Ni  6.1432252670  4.9655441370   9.0125970590  0 0 0
Ni  6.1432636120  0.7093535490   9.0125970590  0 0 0
Ni  7.3719005830  2.8374169220   9.0125970590  0 0 0
Ni  8.6005744130  4.9655441370   9.0125970590  0 0 0
Ni  0.0000019230  -0.0000011100  11.0191845730 0 0 0
Ni  1.2286511800  2.1280835430   11.0191845730 0 0 0
Ni  2.4573004380  4.2561681970   11.0191845730 0 0 0
Ni  2.4573019230  -0.0000011100  11.0191845730 0 0 0
Ni  3.6859511800  2.1280835430   11.0191845730 0 0 0
Ni  4.9146004380  4.2561681970   11.0191845730 0 0 0
Ni  4.9146019230  -0.0000011100  11.0191845730 0 0 0
Ni  6.1432511800  2.1280835430   11.0191845730 0 0 0
Ni  7.3719004380  4.2561681970   11.0191845730 0 0 0
Ni  2.4573006601  1.4187222004   12.9900491208 0 0 0
Ni  7.3719023063  5.6748952725   12.9900496220 0 0 0
Ni  6.1432609971  3.5468126475   12.9900499187 0 0 0
Ni  4.9146080811  1.4187273667   12.9900500616 0 0 0
Ni  3.6859580750  3.5468103328   12.9900504298 0 0 0
Ni  4.9146004670  5.6748935394   12.9900506812 0 0 0
Ni  8.6005570033  3.5468058758   12.9900509521 0 0 0
Ni  7.3719054485  1.4187212609   12.9900525756 0 0 0
Ni  9.8292038373  5.6748913325   12.9900529881 0 0 0
Ni  4.9146011237  2.8374447409   14.9639534913 0 0 0
Ni  3.6859492952  0.7093595219   14.9639548121 0 0 0
Ni  6.1432520799  0.7093567204   14.9639555847 0 0 0
Ni  8.6005463908  4.9655256434   14.9639556028 0 0 0
Ni  2.4572989893  2.8374429658   14.9639565565 0 0 0
Ni  6.1432460518  4.9655296367   14.9639566921 0 0 0
Ni  3.6859474415  4.9655299325   14.9639574762 0 0 0
Ni  7.3719004336  2.8374403240   14.9639579392 0 0 0
Ni  1.2286498937  0.7093591565   14.9639614468 0 0 0
Ni  3.6859552182  2.1280853308   16.9471818913 0 0 0
Ni  4.9146013348  4.2561674584   16.9471825621 0 0 0
Ni  6.1432527875  2.1280827056   16.9471840419 0 0 0
Ni  4.9146023755  -0.0000029939  16.9471849195 0 0 0
Ni  2.4573042739  -0.0000022476  16.9471854372 0 0 0
Ni  0.0000023614  -0.0000013967  16.9471872223 0 0 0
Ni  2.4572998459  4.2561669901   16.9471873050 0 0 0
Ni  7.3718977365  4.2561647442   16.9471875033 0 0 0
Ni  1.2286516556  2.1280848549   16.9471893496 0 0 0
Ni  4.9145999948  5.6748919054   18.9210444332 1 1 1
Ni  3.6859511317  3.5468092323   18.9210448630 1 1 1
Ni  6.1432484723  3.5468040179   18.9210451421 1 1 1
Ni  4.9146051656  1.4187191661   18.9210451717 1 1 1
Ni  2.4573027487  1.4187218881   18.9210453861 1 1 1
Ni  9.8292002653  5.6748904741   18.9210467061 1 1 1
Ni  7.3719018082  5.6748865703   18.9210474385 1 1 1
Ni  7.3719027785  1.4187193621   18.9210477307 1 1 1
Ni  8.6005493765  3.5468087232   18.9210493843 1 1 1
Ni  3.6859503741  0.7093583733   20.8949102914 1 1 1
Ni  6.1432438325  4.9655262070   20.8949132342 1 1 1
Ni  3.6859480614  4.9655296170   20.8949139799 1 1 1
Ni  7.3718956668  2.8374401341   20.8949147841 1 1 1
Ni  2.4572998569  2.8374414850   20.8949151571 1 1 1
Ni  4.9145978125  2.8374415306   20.8949161032 1 1 1
Ni  6.1432495284  0.7093561869   20.8949185437 1 1 1
Ni  1.2286509200  0.7093579421   20.8949189747 1 1 1
Ni  8.6005466021  4.9655274191   20.8949272892 1 1 1
Ni  0.0000069743  -0.0000003628  22.8319829165 1 1 1
Ni  2.4573127124  -0.0000030449  22.8319843754 1 1 1
Ni  1.2286521514  2.1280891921   22.8319855553 1 1 1
Ni  2.4573073610  4.2561662425   22.8319862668 1 1 1
Ni  4.9145975839  4.2561696234   22.8319881805 1 1 1
Ni  3.6859556386  2.1280830970   22.8319915315 1 1 1
Ni  7.3718925917  4.2561632797   22.8319922305 1 1 1
Ni  4.9145999825  0.0000024465   22.8319942279 1 1 1
Ni  6.1432540800  2.1280804707   22.8319943732 1 1 1
O   3.702632076   2.135779217    24.861983783  1 1 1
H   4.037943276   1.224682329    24.919986959  1 1 1
H   5.269418781   2.858923553    25.953272109  1 1 1
H   3.800862232   3.864826607    25.959072426  1 1 1
C   4.175760573   2.838174723    26.006303584  1 1 1
O   4.189473236   0.790872038    27.237213840  1 1 1
H   5.160905343   0.836902509    27.239285382  1 1 1
C   3.684092169   2.127798658    27.260829419  1 1 1
H   2.592276950   2.043590348    27.264143886  1 1 1
C   4.184238705   2.818000226    28.524470039  1 1 1
H   3.832967316   3.853781585    28.567972421  1 1 1
H   5.278486693   2.807210833    28.570872580  1 1 1
O   3.701121679   2.130479802    29.673761541  1 1 1
H   4.041150537   2.603616784    30.452661333  1 1 1


