     0.1869   0.2005   0.2050   0.2100   0.2171   0.2246   0.2345   0.2500
     0.2562   0.2603   0.2677   0.2713   0.2960   0.3213   0.3343   0.3559
     0.3624   0.3686   0.3744   0.3839   0.3866   0.3915   0.3993   0.4037
     0.4077   0.4225   0.4255   0.4352   0.4377   0.4430   0.4463   0.4493
     0.4680   0.4815   0.4951   0.5027   0.5046   0.5150   0.5188   0.5257
     0.5285   0.5314   0.5522   0.5759   0.5884   0.6093   0.6388   0.6461
     0.6710   0.6998   0.7607   0.7722   0.7885   0.8005   0.8081   0.8964
     1.2860   1.7232   1.7677   1.7726   1.8781   1.9650   2.4475   3.8631
     3.9401   4.0241   4.1209   4.2542   4.4048   4.8236   5.0219   5.4375
     5.8701   6.0299   6.0732   6.0926   6.1096

     occupation numbers 
     1.0000   1.0000   1.0000   1.0000   1.0000   1.0000   1.0000   1.0000
     1.0000   1.0000   1.0000   1.0000   1.0000   1.0000   1.0000   1.0000
     1.0000   1.0000   1.0000   1.0000   1.0000   1.0000   1.0000   1.0000
     1.0000   1.0000   1.0000   1.0000   1.0000   1.0000   1.0000   1.0000
     1.0000   1.0000   1.0000   1.0000   1.0000   1.0000   1.0000   1.0000
     1.0000   1.0000   1.0000   1.0000   1.0000   1.0000   1.0000   1.0000
     1.0000   1.0000   1.0000   1.0000   1.0000   1.0000   1.0000   1.0000
     1.0000   1.0000   1.0000   1.0000   1.0000   1.0000   1.0000   1.0000
     1.0000   1.0000   1.0000   1.0000   1.0000   1.0000   1.0000   1.0000
     1.0000   1.0000   1.0000   1.0000   1.0000   1.0000   1.0000   1.0000
     1.0000   1.0000   1.0000   1.0000   1.0000   1.0000   1.0000   1.0000
     1.0000   1.0000   1.0000   1.0000   1.0000   1.0000   1.0000   1.0000
     1.0000   1.0000   1.0000   1.0000   1.0000   1.0000   1.0000   1.0000
     1.0000   1.0000   1.0000   1.0000   1.0000   1.0000   1.0000   1.0000
     1.0000   1.0000   1.0000   1.0000   1.0000   1.0000   1.0000   1.0000
     1.0000   1.0000   1.0000   1.0000   1.0000   1.0000   1.0000   1.0000
     1.0000   1.0000   1.0000   1.0000   1.0000   0.9999   0.9999   0.9998
     0.9998   0.9997   0.9997   0.9996   0.9991   0.9988   0.9987   0.9985
     0.9985   0.9981   0.9980   0.9978   0.9975   0.9972   0.9967   0.9958
     0.9954   0.9951   0.9945   0.9942   0.9917   0.9883   0.9860   0.9815
     0.9799   0.9783   0.9767   0.9738   0.9730   0.9714   0.9686   0.9669
     0.9654   0.9591   0.9577   0.9529   0.9516   0.9488   0.9470   0.9453
     0.9336   0.9241   0.9135   0.9071   0.9055   0.8960   0.8924   0.8856
     0.8828   0.8798   0.8567   0.8271   0.8099   0.7791   0.7309   0.7183
     0.6730   0.6174   0.4930   0.4691   0.4356   0.4112   0.3959   0.2348
     0.0030   0.0000   0.0000   0.0000   0.0000   0.0000   0.0000   0.0000
     0.0000   0.0000   0.0000   0.0000   0.0000   0.0000   0.0000   0.0000
     0.0000   0.0000   0.0000   0.0000   0.0000

          k = 0.0000 0.3849 0.0000 ( 53115 PWs)   bands (ev):

   -19.5559  -7.7564  -7.3698  -6.2306  -6.0683  -5.1998  -5.1675  -5.0424
    -4.4605  -4.3558  -4.2262  -4.0127  -3.9248  -3.7941  -3.7428  -3.6242
    -3.5597  -3.5446  -3.4628  -3.4245  -3.2672  -3.1431  -3.1045  -3.0649
    -3.0479  -3.0061  -2.9695  -2.9425  -2.9105  -2.8897  -2.8722  -2.7900
    -2.7533  -2.6752  -2.6394  -2.6031  -2.5746  -2.5517  -2.4970  -2.4823
    -2.4560  -2.4005  -2.3556  -2.3453  -2.3139  -2.2733  -2.2389  -2.1982
    -2.1885  -2.1141  -2.1090  -2.0926  -2.0768  -2.0615  -2.0195  -1.9748
    -1.9661  -1.9620  -1.9411  -1.9302  -1.9204  -1.8910  -1.8786  -1.8588
    -1.8376  -1.7981  -1.7636  -1.7095  -1.6981  -1.6477  -1.6302  -1.5791
    -1.5667  -1.5491  -1.5204  -1.4542  -1.4320  -1.3964  -1.3826  -1.3626
    -1.2933  -1.2789  -1.2714  -1.2429  -1.2304  -1.1901  -1.1735  -1.1254
    -1.0758  -1.0701  -1.0421  -1.0357  -1.0213  -1.0022  -0.9868  -0.9663
    -0.9475  -0.8879  -0.8719  -0.8366  -0.8274  -0.7961  -0.7878  -0.7497
    -0.7382  -0.7299  -0.6984  -0.6884  -0.6768  -0.6424  -0.6333  -0.5927
    -0.5742  -0.5417  -0.5217  -0.4892  -0.4729  -0.4389  -0.4081  -0.3787
    -0.3647  -0.3291  -0.3170  -0.3079  -0.2907  -0.2620  -0.2457  -0.2177
    -0.1865  -0.1506  -0.1371  -0.1114  -0.1020  -0.0734  -0.0612  -0.0466
    -0.0207   0.0122   0.0276   0.0397   0.0512   0.0573   0.0691   0.0849
     0.1055   0.1140   0.1244   0.1471   0.1510   0.1741   0.1796   0.1917
     0.2053   0.2224   0.2362   0.2518   0.2652   0.2774   0.2851   0.3040
     0.3360   0.3412   0.3484   0.3844   0.3905   0.4240   0.4318   0.4489
     0.4605   0.4732   0.4792   0.5044   0.5153   0.5230   0.5433   0.5599
     0.5829   0.6108   0.6150   0.6436   0.6630   0.6898   0.7122   0.7389
     0.7497   0.7728   0.7915   0.8248   0.8580   0.8929   0.9066   0.9213
     0.9307   1.1256   1.3747   1.3902   1.4318   1.4864   1.4990   1.5817
     1.7184   1.8910   2.0255   2.4020   2.7081   2.9140   3.0940   3.3053
     3.3558   3.4161   3.5460   3.6972   4.0491   4.2458   4.3660   4.4631
     5.0313   5.1625   5.2992   5.3459   5.4066

     occupation numbers 
     1.0000   1.0000   1.0000   1.0000   1.0000   1.0000   1.0000   1.0000
     1.0000   1.0000   1.0000   1.0000   1.0000   1.0000   1.0000   1.0000
     1.0000   1.0000   1.0000   1.0000   1.0000   1.0000   1.0000   1.0000
     1.0000   1.0000   1.0000   1.0000   1.0000   1.0000   1.0000   1.0000
     1.0000   1.0000   1.0000   1.0000   1.0000   1.0000   1.0000   1.0000
     1.0000   1.0000   1.0000   1.0000   1.0000   1.0000   1.0000   1.0000
     1.0000   1.0000   1.0000   1.0000   1.0000   1.0000   1.0000   1.0000
     1.0000   1.0000   1.0000   1.0000   1.0000   1.0000   1.0000   1.0000
     1.0000   1.0000   1.0000   1.0000   1.0000   1.0000   1.0000   1.0000
     1.0000   1.0000   1.0000   1.0000   1.0000   1.0000   1.0000   1.0000
     1.0000   1.0000   1.0000   1.0000   1.0000   1.0000   1.0000   1.0000
     1.0000   1.0000   1.0000   1.0000   1.0000   1.0000   1.0000   1.0000
     1.0000   1.0000   1.0000   1.0000   1.0000   1.0000   1.0000   1.0000
     1.0000   1.0000   1.0000   1.0000   1.0000   1.0000   1.0000   1.0000
     1.0000   1.0000   1.0000   1.0000   1.0000   1.0000   1.0000   1.0000
     1.0000   1.0000   1.0000   1.0000   1.0000   1.0000   1.0000   1.0000
     1.0000   1.0000   1.0000   1.0000   1.0000   1.0000   1.0000   1.0000
     1.0000   0.9999   0.9999   0.9999   0.9999   0.9999   0.9998   0.9998
     0.9996   0.9996   0.9995   0.9992   0.9992   0.9988   0.9987   0.9984
     0.9979   0.9973   0.9966   0.9957   0.9947   0.9937   0.9929   0.9908
     0.9857   0.9847   0.9832   0.9737   0.9717   0.9584   0.9546   0.9455
     0.9385   0.9301   0.9258   0.9056   0.8957   0.8884   0.8669   0.8475
     0.8176   0.7768   0.7702   0.7227   0.6879   0.6371   0.5926   0.5381
     0.5157   0.4678   0.4294   0.3627   0.3004   0.2405   0.2189   0.1969
     0.1838   0.0278   0.0007   0.0005   0.0002   0.0001   0.0001   0.0000
     0.0000   0.0000   0.0000   0.0000   0.0000   0.0000   0.0000   0.0000
     0.0000   0.0000   0.0000   0.0000   0.0000   0.0000   0.0000   0.0000
     0.0000   0.0000   0.0000   0.0000   0.0000

          k = 0.3333-0.1925 0.0000 ( 53115 PWs)   bands (ev):

   -19.5559  -7.7535  -7.3712  -6.2330  -6.0721  -5.2000  -5.1608  -5.0527
    -4.4773  -4.3313  -4.1701  -4.0620  -3.9363  -3.7887  -3.7481  -3.6244
    -3.5564  -3.5397  -3.4656  -3.4216  -3.2670  -3.1493  -3.1053  -3.0640
    -3.0386  -3.0056  -2.9708  -2.9403  -2.9133  -2.8977  -2.8734  -2.7900
    -2.7513  -2.6742  -2.6360  -2.6021  -2.5710  -2.5571  -2.4944  -2.4785
    -2.4572  -2.4038  -2.3582  -2.3435  -2.3124  -2.2738  -2.2383  -2.2018
    -2.1859  -2.1204  -2.1106  -2.0998  -2.0808  -2.0644  -2.0274  -1.9726
    -1.9655  -1.9588  -1.9377  -1.9250  -1.9078  -1.8917  -1.8763  -1.8514
    -1.8358  -1.8088  -1.7622  -1.7118  -1.6934  -1.6494  -1.6314  -1.5813
    -1.5674  -1.5505  -1.5167  -1.4547  -1.4335  -1.3951  -1.3789  -1.3632
    -1.2935  -1.2730  -1.2581  -1.2444  -1.2338  -1.1882  -1.1720  -1.1305
    -1.0771  -1.0670  -1.0492  -1.0364  -1.0272  -0.9973  -0.9862  -0.9613
    -0.9470  -0.9053  -0.8766  -0.8465  -0.8293  -0.7970  -0.7775  -0.7595
    -0.7389  -0.7318  -0.6950  -0.6844  -0.6679  -0.6414  -0.6312  -0.5919
    -0.5768  -0.5483  -0.5262  -0.4876  -0.4582  -0.4315  -0.4079  -0.3789
    -0.3585  -0.3424  -0.3153  -0.3075  -0.2862  -0.2500  -0.2364  -0.2254
    -0.1832  -0.1534  -0.1356  -0.1184  -0.0994  -0.0811  -0.0584  -0.0411
    -0.0158   0.0064   0.0262   0.0361   0.0473   0.0581   0.0644   0.0828
     0.1021   0.1099   0.1222   0.1492   0.1586   0.1689   0.1839   0.1914
     0.2098   0.2255   0.2357   0.2544   0.2619   0.2736   0.2808   0.3078
     0.3311   0.3435   0.3493   0.3812   0.3941   0.4173   0.4295   0.4502
     0.4609   0.4730   0.4779   0.4991   0.5138   0.5277   0.5414   0.5527
     0.5793   0.6125   0.6258   0.6379   0.6811   0.6904   0.7111   0.7352
     0.7570   0.7739   0.7942   0.8233   0.8592   0.8896   0.9038   0.9209
     0.9300   1.1337   1.3764   1.3859   1.4194   1.4772   1.5003   1.5771
     1.7379   1.8900   2.0223   2.4096   2.7083   2.9145   3.0882   3.3027
     3.3605   3.4156   3.5196   3.7113   4.0567   4.2434   4.3681   4.4476
     5.0510   5.1580   5.3003   5.3490   5.4025

     occupation numbers 
     1.0000   1.0000   1.0000   1.0000   1.0000   1.0000   1.0000   1.0000
     1.0000   1.0000   1.0000   1.0000   1.0000   1.0000   1.0000   1.0000
     1.0000   1.0000   1.0000   1.0000   1.0000   1.0000   1.0000   1.0000
     1.0000   1.0000   1.0000   1.0000   1.0000   1.0000   1.0000   1.0000
     1.0000   1.0000   1.0000   1.0000   1.0000   1.0000   1.0000   1.0000
     1.0000   1.0000   1.0000   1.0000   1.0000   1.0000   1.0000   1.0000
     1.0000   1.0000   1.0000   1.0000   1.0000   1.0000   1.0000   1.0000
     1.0000   1.0000   1.0000   1.0000   1.0000   1.0000   1.0000   1.0000
     1.0000   1.0000   1.0000   1.0000   1.0000   1.0000   1.0000   1.0000
     1.0000   1.0000   1.0000   1.0000   1.0000   1.0000   1.0000   1.0000
     1.0000   1.0000   1.0000   1.0000   1.0000   1.0000   1.0000   1.0000
     1.0000   1.0000   1.0000   1.0000   1.0000   1.0000   1.0000   1.0000
     1.0000   1.0000   1.0000   1.0000   1.0000   1.0000   1.0000   1.0000
     1.0000   1.0000   1.0000   1.0000   1.0000   1.0000   1.0000   1.0000
     1.0000   1.0000   1.0000   1.0000   1.0000   1.0000   1.0000   1.0000
     1.0000   1.0000   1.0000   1.0000   1.0000   1.0000   1.0000   1.0000
     1.0000   1.0000   1.0000   1.0000   1.0000   1.0000   1.0000   1.0000
     1.0000   1.0000   0.9999   0.9999   0.9999   0.9999   0.9998   0.9998
     0.9997   0.9996   0.9995   0.9992   0.9991   0.9989   0.9986   0.9984
     0.9978   0.9971   0.9966   0.9955   0.9950   0.9940   0.9934   0.9903
     0.9866   0.9842   0.9830   0.9747   0.9705   0.9614   0.9557   0.9447
     0.9383   0.9303   0.9268   0.9102   0.8972   0.8836   0.8691   0.8562
     0.8225   0.7741   0.7528   0.7326   0.6539   0.6359   0.5948   0.5458
     0.5007   0.4655   0.4238   0.3657   0.2981   0.2459   0.2233   0.1976
     0.1847   0.0252   0.0006   0.0005   0.0003   0.0001   0.0001   0.0000
     0.0000   0.0000   0.0000   0.0000   0.0000   0.0000   0.0000   0.0000
     0.0000   0.0000   0.0000   0.0000   0.0000   0.0000   0.0000   0.0000
     0.0000   0.0000   0.0000   0.0000   0.0000

          k = 0.3333 0.1925 0.0000 ( 53115 PWs)   bands (ev):

   -19.5559  -7.7591  -7.3752  -6.2462  -6.0706  -5.1741  -5.1505  -5.0445
    -4.4948  -4.4091  -4.1524  -4.0227  -3.9486  -3.7531  -3.7447  -3.7343
    -3.6266  -3.5085  -3.4768  -3.4467  -3.3371  -3.2208  -3.0861  -3.0263
    -3.0195  -3.0009  -2.9958  -2.9621  -2.9505  -2.9268  -2.8853  -2.8728
    -2.7258  -2.6018  -2.5894  -2.5744  -2.4236  -2.3979  -2.3651  -2.3579
    -2.3470  -2.3377  -2.3168  -2.2933  -2.2850  -2.2522  -2.2130  -2.2045
    -2.1703  -2.1476  -2.1335  -2.1216  -2.0865  -2.0317  -2.0124  -1.9651
    -1.9490  -1.8826  -1.8463  -1.8350  -1.8089  -1.7934  -1.7758  -1.7641
    -1.7560  -1.7472  -1.7174  -1.7017  -1.6548  -1.5826  -1.5733  -1.5635
    -1.5529  -1.5478  -1.5217  -1.4912  -1.4851  -1.4580  -1.4406  -1.4336
    -1.4048  -1.3969  -1.3809  -1.3527  -1.3411  -1.2774  -1.2585  -1.2157
    -1.1968  -1.1596  -1.1531  -1.1406  -1.0957  -1.0727  -1.0038  -0.9871
    -0.9501  -0.9016  -0.8810  -0.8737  -0.8601  -0.8272  -0.7983  -0.7726
    -0.7583  -0.7058  -0.6779  -0.6706  -0.6594  -0.6355  -0.6265  -0.5831
    -0.5604  -0.5397  -0.5214  -0.5030  -0.4969  -0.4790  -0.4717  -0.4414
    -0.4294  -0.4076  -0.3988  -0.3480  -0.3377  -0.3239  -0.3055  -0.2573
    -0.2502  -0.2156  -0.2020  -0.1775  -0.1518  -0.1155  -0.0865  -0.0449
    -0.0384  -0.0116   0.0164   0.0206   0.0324   0.0690   0.0725   0.0849
     0.1064   0.1170   0.1548   0.1608   0.1680   0.1865   0.1953   0.2505
     0.2619   0.2664   0.2755   0.2890   0.2999   0.3041   0.3266   0.3374
     0.3447   0.3549   0.3737   0.3805   0.3884   0.4087   0.4377   0.4546
     0.4598   0.4673   0.4711   0.4819   0.5018   0.5208   0.5270   0.5562
     0.5908   0.6514   0.7058   0.7199   0.7594   0.7889   0.8005   0.8232
     0.8411   0.8505   0.8620   0.8881   0.8993   0.9053   0.9125   0.9239
     0.9270   0.9356   0.9494   1.3144   1.4918   1.4954   1.6568   1.7015
     1.7825   1.8016   2.1172   2.2561   2.5274   2.8692   3.1516   3.4933
     3.5039   3.6561   3.7716   3.9160   4.0221   4.0933   4.2457   5.0345
     5.0687   5.1687   5.1950   5.3812   5.4954

     occupation numbers 
     1.0000   1.0000   1.0000   1.0000   1.0000   1.0000   1.0000   1.0000
     1.0000   1.0000   1.0000   1.0000   1.0000   1.0000   1.0000   1.0000
     1.0000   1.0000   1.0000   1.0000   1.0000   1.0000   1.0000   1.0000
     1.0000   1.0000   1.0000   1.0000   1.0000   1.0000   1.0000   1.0000
     1.0000   1.0000   1.0000   1.0000   1.0000   1.0000   1.0000   1.0000
     1.0000   1.0000   1.0000   1.0000   1.0000   1.0000   1.0000   1.0000
     1.0000   1.0000   1.0000   1.0000   1.0000   1.0000   1.0000   1.0000
     1.0000   1.0000   1.0000   1.0000   1.0000   1.0000   1.0000   1.0000
     1.0000   1.0000   1.0000   1.0000   1.0000   1.0000   1.0000   1.0000
     1.0000   1.0000   1.0000   1.0000   1.0000   1.0000   1.0000   1.0000
     1.0000   1.0000   1.0000   1.0000   1.0000   1.0000   1.0000   1.0000
     1.0000   1.0000   1.0000   1.0000   1.0000   1.0000   1.0000   1.0000
     1.0000   1.0000   1.0000   1.0000   1.0000   1.0000   1.0000   1.0000
     1.0000   1.0000   1.0000   1.0000   1.0000   1.0000   1.0000   1.0000
     1.0000   1.0000   1.0000   1.0000   1.0000   1.0000   1.0000   1.0000
     1.0000   1.0000   1.0000   1.0000   1.0000   1.0000   1.0000   1.0000
     1.0000   1.0000   1.0000   1.0000   1.0000   1.0000   1.0000   1.0000
     1.0000   1.0000   0.9999   0.9999   0.9999   0.9998   0.9998   0.9998
     0.9996   0.9996   0.9991   0.9990   0.9989   0.9985   0.9983   0.9958
     0.9950   0.9946   0.9939   0.9925   0.9913   0.9907   0.9874   0.9854
     0.9840   0.9817   0.9769   0.9749   0.9724   0.9650   0.9516   0.9422
     0.9389   0.9341   0.9315   0.9238   0.9079   0.8905   0.8843   0.8520
     0.8065   0.7090   0.6054   0.5771   0.4957   0.4347   0.4112   0.3660
     0.3315   0.3140   0.2931   0.2483   0.2302   0.2209   0.2100   0.1933
     0.1889   0.1770   0.1590   0.0019   0.0001   0.0001   0.0000   0.0000
     0.0000   0.0000   0.0000   0.0000   0.0000   0.0000   0.0000   0.0000
     0.0000   0.0000   0.0000   0.0000   0.0000   0.0000   0.0000   0.0000
     0.0000   0.0000   0.0000   0.0000   0.0000

          k = 0.3333-0.5774 0.0000 ( 53052 PWs)   bands (ev):

   -19.5559  -7.7107  -6.6728  -6.6110  -6.5239  -5.4274  -5.4197  -5.2364
    -4.2546  -4.1342  -3.8100  -3.7871  -3.7692  -3.7239  -3.6751  -3.5818
    -3.4197  -3.3886  -3.3785  -3.3499  -3.3475  -3.2893  -3.2769  -3.2348
    -3.2270  -3.1146  -3.0944  -2.9684  -2.9356  -2.9062  -2.8646  -2.8416
    -2.8330  -2.8071  -2.7234  -2.6864  -2.6666  -2.6490  -2.5523  -2.4604
    -2.4182  -2.3966  -2.3321  -2.3122  -2.2960  -2.2687  -2.1976  -2.1754
    -2.1113  -2.1074  -2.0192  -1.9982  -1.9811  -1.9696  -1.9559  -1.9339
    -1.9206  -1.9001  -1.8878  -1.8753  -1.8615  -1.8232  -1.8163  -1.7917
    -1.7833  -1.7760  -1.7365  -1.6833  -1.6359  -1.6253  -1.6117  -1.6080
    -1.5845  -1.5316  -1.4618  -1.4446  -1.4391  -1.4123  -1.4041  -1.3860
    -1.3706  -1.3409  -1.3193  -1.3020  -1.2717  -1.2537  -1.2492  -1.2438
    -1.2291  -1.1998  -1.1856  -1.1626  -1.1345  -1.1215  -1.0850  -1.0644
    -1.0428  -1.0318  -1.0236  -0.9860  -0.9432  -0.9032  -0.8931  -0.8848
    -0.7953  -0.7393  -0.6922  -0.6738  -0.6452  -0.5911  -0.5614  -0.5465
    -0.5110  -0.4667  -0.4622  -0.4470  -0.4291  -0.3867  -0.3680  -0.3468
    -0.3458  -0.3204  -0.3038  -0.2770  -0.2568  -0.2434  -0.2401  -0.2367
    -0.2244  -0.2137  -0.2082  -0.1921  -0.1821  -0.1633  -0.1406  -0.1289
    -0.1041  -0.0900  -0.0790  -0.0717  -0.0567  -0.0252  -0.0040   0.0077
     0.0338   0.0686   0.0973   0.1215   0.1269   0.1367   0.1675   0.1761
     0.1894   0.2074   0.2170   0.2437   0.2458   0.2637   0.2760   0.3095
     0.3288   0.3361   0.3450   0.3639   0.3794   0.4185   0.4488   0.4591
     0.4799   0.5010   0.5108   0.5705   0.5876   0.5937   0.6031   0.6136
     0.6274   0.6544   0.6708   0.7110   0.7667   0.8014   0.8074   0.8187
     0.8217   0.8587   0.8851   0.9055   0.9060   0.9313   0.9463   0.9850
     1.1724   1.5874   1.5905   1.5973   1.8540   1.9305   1.9580   2.0967
     2.2806   2.3292   2.4536   2.9676   2.9846   3.0675   3.0921   3.1581
     3.3442   3.3909   3.5032   3.5656   3.6396   3.6813   3.7940   4.1548
     4.1643   4.3073   5.1939   5.3290   5.3739

     occupation numbers 
     1.0000   1.0000   1.0000   1.0000   1.0000   1.0000   1.0000   1.0000
     1.0000   1.0000   1.0000   1.0000   1.0000   1.0000   1.0000   1.0000
     1.0000   1.0000   1.0000   1.0000   1.0000   1.0000   1.0000   1.0000
     1.0000   1.0000   1.0000   1.0000   1.0000   1.0000   1.0000   1.0000
     1.0000   1.0000   1.0000   1.0000   1.0000   1.0000   1.0000   1.0000
     1.0000   1.0000   1.0000   1.0000   1.0000   1.0000   1.0000   1.0000
     1.0000   1.0000   1.0000   1.0000   1.0000   1.0000   1.0000   1.0000
     1.0000   1.0000   1.0000   1.0000   1.0000   1.0000   1.0000   1.0000
     1.0000   1.0000   1.0000   1.0000   1.0000   1.0000   1.0000   1.0000
     1.0000   1.0000   1.0000   1.0000   1.0000   1.0000   1.0000   1.0000
     1.0000   1.0000   1.0000   1.0000   1.0000   1.0000   1.0000   1.0000
     1.0000   1.0000   1.0000   1.0000   1.0000   1.0000   1.0000   1.0000
     1.0000   1.0000   1.0000   1.0000   1.0000   1.0000   1.0000   1.0000
     1.0000   1.0000   1.0000   1.0000   1.0000   1.0000   1.0000   1.0000
     1.0000   1.0000   1.0000   1.0000   1.0000   1.0000   1.0000   1.0000
     1.0000   1.0000   1.0000   1.0000   1.0000   1.0000   1.0000   1.0000
     1.0000   1.0000   1.0000   1.0000   1.0000   1.0000   1.0000   1.0000
     1.0000   1.0000   1.0000   1.0000   1.0000   1.0000   1.0000   1.0000
     0.9999   0.9998   0.9997   0.9995   0.9995   0.9994   0.9989   0.9987
     0.9984   0.9979   0.9975   0.9962   0.9961   0.9948   0.9938   0.9900
     0.9870   0.9857   0.9839   0.9795   0.9752   0.9609   0.9455   0.9394
     0.9253   0.9086   0.8999   0.8342   0.8111   0.8024   0.7885   0.7724
     0.7501   0.7035   0.6735   0.5950   0.4805   0.4093   0.3972   0.3747
     0.3690   0.2990   0.2533   0.2205   0.2198   0.1829   0.1630   0.1183
     0.0155   0.0000   0.0000   0.0000   0.0000   0.0000   0.0000   0.0000
     0.0000   0.0000   0.0000   0.0000   0.0000   0.0000   0.0000   0.0000
     0.0000   0.0000   0.0000   0.0000   0.0000   0.0000   0.0000   0.0000
     0.0000   0.0000   0.0000   0.0000   0.0000

     the Fermi energy is     0.7573 ev

!    total energy              =   -3653.99364471 Ry
     estimated scf accuracy    <       0.00000002 Ry
     smearing contrib. (-TS)   =      -0.22659673 Ry
     internal energy E=F+TS    =   -3653.76704797 Ry

     The total energy is F=E-TS. E is the sum of the following terms:
     one-electron contribution =  -44614.80751779 Ry
     hartree contribution      =   22691.20251439 Ry
     xc contribution           =   -1510.84764682 Ry
     ewald contribution        =   19781.38620705 Ry
     DFT-D3 Dispersion         =      -0.70060479 Ry

     convergence has been achieved in  28 iterations
