ATOMIC_POSITIONS (angstrom)
NI               1.2286390390        0.7093535490        9.0128649340    0   0   0
NI               2.4572760100        2.8374169220        9.0128649340    0   0   0
NI               3.6859498400        4.9655441370        9.0128649340    0   0   0
NI               3.6859144660        0.7093535490        9.0128649340    0   0   0
NI               4.9145514370        2.8374169220        9.0128649340    0   0   0
NI               6.1432252670        4.9655441370        9.0128649340    0   0   0
NI               6.1432636120        0.7093535490        9.0128649340    0   0   0
NI               7.3719005830        2.8374169220        9.0128649340    0   0   0
NI               8.6005744130        4.9655441370        9.0128649340    0   0   0
NI               3.6859496950        6.3842528500       11.0189462060    0   0   0
NI               1.2286512230        2.1280836160       11.0189462060    0   0   0
NI               2.4573004800        4.2561682700       11.0189462060    0   0   0
NI               6.1432495260        6.3842528500       11.0189462060    0   0   0
NI               3.6859510540        2.1280836160       11.0189462060    0   0   0
NI               4.9146003110        4.2561682700       11.0189462060    0   0   0
NI               8.6005495260        6.3842528500       11.0189462060    0   0   0
NI               6.1432510540        2.1280836160       11.0189462060    0   0   0
NI               7.3719003110        4.2561682700       11.0189462060    0   0   0
NI               2.4572772050        1.4187076030       13.0254417880    0   0   0
NI               3.6859510350        3.5468348180       13.0254417880    0   0   0
NI               4.9145880060        5.6748981910       13.0254417880    0   0   0
NI               4.9146263510        1.4187076030       13.0254417880    0   0   0
NI               6.1433001810        3.5468348180       13.0254417880    0   0   0
NI               7.3719371520        5.6748981910       13.0254417880    0   0   0
NI               7.3719017780        1.4187076030       13.0254417880    0   0   0
NI               8.6005756080        3.5468348180       13.0254417880    0   0   0
NI               9.8292125790        5.6748981910       13.0254417880    0   0   0
NI               1.2291704269        0.7069361120       15.0168653004
NI               2.4599702260        2.8376663610       15.0127717134
NI               3.6906706952        4.9592723735       15.0105601810
NI               3.6853451844        0.7060369531       15.0204523974
NI               4.9162993296        2.8371139855       15.0119740803
NI               6.1462132999        4.9607997980       15.0126636849
NI               6.1431126125        0.7073856271       15.0230120095
NI               7.3733607202        2.8345131358       15.0098629766
NI               8.5987745980        4.9587560366       15.0147992210
CU               0.0097154158       -0.0079561402       17.0910597517
CU               1.2383685055        2.1236097683       17.0897705051
CU               2.4661815930       -0.0077724590       17.0907921449
CU               3.6959131190        2.1256717739       17.0908369061
CU               2.4675260113        4.2516254036       17.0966386039
CU               4.9214044791        4.2508287278       17.0953906908
CU               4.9238745924       -0.0082055167       17.0973979728
CU               6.1506438779        2.1231135654       17.0914539522
CU               7.3788599970        4.2494385254       17.0896843225
CU               2.4842044859        1.4064835823       19.1735126801
CU               3.7144811832        3.5380128086       19.1975944507
CU               4.9404572173        1.4079885374       19.1881603064
CU               6.1605441988        3.5310304372       19.1806463073
CU               4.9382872713        5.6602071877       19.1860683585
CU               7.3953900789        5.6654370538       19.1822753170
CU               7.3941446513        1.4008474115       19.1741179286
CU               8.6231574036        3.5317440691       19.1727924745
CU               9.8554739846        5.6623641850       19.1959692764
CU               1.2443241577        0.6935217759       21.2561105925
CU               2.4934472541        2.8308829677       21.2520152922
CU               3.7058890592        0.7050589779       21.2646603339
CU               4.9417076203        2.8159714782       21.3318770645
CU               3.7180753539        4.9695144919       21.3142797290
CU               6.1669119786        4.9428671101       21.2565827463
CU               6.1728391411        0.7023229598       21.2967263985
CU               7.3768826176        2.8224798204       21.2451745299
CU               8.6259860877        4.9418675412       21.2477208105
CU               0.0062005693       -0.0168775809       23.4505246354
CU               1.2561225239        2.1410724089       23.2090646392
CU               2.4585662735        4.2589296208       23.3165101095
CU               2.4562830706       -0.0420631999       23.2793329007
CU               3.6744202918        2.1088810930       23.3827076541
CU               4.9383514503        4.2550492383       23.3618639575
CU               4.8935229204       -0.0521695073       23.2591364840
CU               6.1565749355        2.1117914042       23.4000513886
CU               7.3829824694        4.2385291492       23.3306601276
O                6.8097376524        1.1163781654       25.0385007665
O                3.3635658020        1.8724905973       25.4352034045
H                3.6456060217        0.9609202782       25.6813063021
H                7.5976803645        1.5987664352       25.3556194482
H                5.1013590052        2.9031297503       25.9376563016
H                3.5481593003        3.7241374595       26.2762763691
C                4.0756180392        2.7667885801       26.3251273137
O                4.5284372277        0.7830351393       27.6054248707
H                5.4325916932        0.7789192217       27.2279249244
C                4.0790405769        2.1463977887       27.7151678414
H                3.0413841076        2.0705244523       28.0894623420
C                4.8782173559        2.9851327558       28.6989410816
H                4.5765407150        4.0411288461       28.5717931773
H                5.9585199463        2.9103494593       28.4688906923
O                4.5933500009        2.5244394234       30.0189609299
H                5.1765339050        2.9849214759       30.6423579431
