&CONTROL
 calculation = 'relax'
 forc_conv_thr = 1.0d-3
 nstep = 200
 outdir = './output/'
 prefix = 'NiCu_glycerol_ads'
 pseudo_dir = '/home/node1/PSP/PseudosP/pslibrary-master/pbe/PSEUDOPOTENTIALS/'
 restart_mode = 'from_scratch'
 tprnfor = .true.
 verbosity = 'high'
 wf_collect = .true.
/

&SYSTEM
 ibrav = 0
 nat = 74
 ntyp = 5

 ecutwfc = 50
 ecutrho = 400

 occupations = 'smearing'
 degauss = 0.02

 nspin = 2
 starting_magnetization(1) = 0.5


 nosym = .true.
 noinv = .false.
 noncolin = .false.

 vdw_corr = 'grimme-d3'
/

&ELECTRONS
 conv_thr = 1.0d-8
 electron_maxstep = 200
 mixing_beta = 0.1
 mixing_mode = 'plain'
 scf_must_converge = .true.
 !startingwfc = 'random'
/

&IONS
 ion_dynamics = 'bfgs'
 upscale = 100
/


ATOMIC_SPECIES
Ni 58.7    Ni.pbe-n-rrkjus_psl.1.0.0.UPF
Cu 63.546  Cu.pbe-dn-rrkjus_psl.1.0.0.UPF
O  15.9994 O.pbe-n-rrkjus_psl.1.0.0.UPF
H  1.00797 H.pbe-rrkjus_psl.1.0.0.UPF

K_POINTS gamma
!3 3 1 0 0 0

CELL_PARAMETERS {angstrom}
  7.371900000   0.000000000   0.000000000
  3.685947771   6.384253961   0.000000000
  0.000007231  -0.000004175  41.430840000

ATOMIC_POSITIONS {angstrom}
Ni  1.2286390390   0.7093535490   9.0128649340  0 0 0
Ni  2.4572760100   2.8374169220   9.0128649340  0 0 0
Ni  3.6859498400   4.9655441370   9.0128649340  0 0 0
Ni  3.6859144660   0.7093535490   9.0128649340  0 0 0
Ni  4.9145514370   2.8374169220   9.0128649340  0 0 0
Ni  6.1432252670   4.9655441370   9.0128649340  0 0 0
Ni  6.1432636120   0.7093535490   9.0128649340  0 0 0
Ni  7.3719005830   2.8374169220   9.0128649340  0 0 0
Ni  8.6005744130   4.9655441370   9.0128649340  0 0 0
Ni  0.0000019230   -0.0000011100  11.0189462060 0 0 0
Ni  1.2286511800   2.1280835430   11.0189462060 0 0 0
Ni  2.4573004370   4.2561681970   11.0189462060 0 0 0
Ni  2.4573019230   -0.0000011100  11.0189462060 0 0 0
Ni  3.6859511800   2.1280835430   11.0189462060 0 0 0
Ni  4.9146004370   4.2561681970   11.0189462060 0 0 0
Ni  4.9146019230   -0.0000011100  11.0189462060 0 0 0
Ni  6.1432511800   2.1280835430   11.0189462060 0 0 0
Ni  7.3719004370   4.2561681970   11.0189462060 0 0 0
Ni  2.4642244782   1.4227189882   13.0272881072 0 0 0
Ni  3.6924327393   3.5506983324   13.0276201532 0 0 0
Ni  4.9212127461   1.4223897069   13.0276202514 0 0 0
Ni  4.9211289880   5.6792703608   13.0277505394 0 0 0
Ni  7.3789582732   1.4221866725   13.0277506192 0 0 0
Ni  6.1494102798   3.5503628349   13.0279816354 0 0 0
Ni  8.6071640595   3.5501702385   13.0280595263 0 0 0
Ni  7.3781196108   5.6789367884   13.0280595385 0 0 0
Ni  9.8358884293   5.6787529236   13.0281948131 0 0 0
Ni  8.6117605827   4.9720020900   15.0186578056 0 0 0
Ni  7.3827868999   2.8442350783   15.0193609084 0 0 0
Ni  6.1545735898   4.9715622543   15.0193609873 0 0 0
Ni  3.6967676188   4.9714536843   15.0198461328 0 0 0
Ni  6.1537906646   0.7157666041   15.0198461884 0 0 0
Ni  4.9255624128   2.8437736982   15.0200052342 0 0 0
Ni  2.4677586241   2.8437215937   15.0204940708 0 0 0
Ni  3.6966160048   0.7152787127   15.0204940954 0 0 0
Ni  1.2387561528   0.7151941711   15.0209755470 0 0 0
Cu  3.6983605789   2.1352480718   17.0975611217 0 0 0
Cu  1.2411159095   2.1352155180   17.0978014381 0 0 0
Cu  2.4697108068   0.0072275923   17.0978015346 0 0 0
Cu  0.0125040744   0.0072168935   17.0980434563 0 0 0
Cu  4.9270970174   4.2630879459   17.0982970605 0 0 0
Cu  6.1554922454   2.1354459509   17.0982970841 0 0 0
Cu  4.9267502258   0.0076215920   17.0985396479 0 0 0
Cu  2.4699760595   4.2628774404   17.0985397214 0 0 0
Cu  7.3842970869   4.2633253686   17.0989758589 0 0 0
Cu  9.8375415683   5.6797071655   19.1891305339 1 1 1
Cu  7.3805056515   1.4242285253   19.1893183933 1 1 1
Cu  4.9236709432   5.6795892944   19.1893184792 1 1 1
Cu  2.4665450370   1.4240586950   19.1894540455 1 1 1
Cu  8.6093287045   3.5520855510   19.1896596952 1 1 1
Cu  7.3808607333   5.6798536750   19.1896597042 1 1 1
Cu  4.9238748772   1.4242939877   19.1898227579 1 1 1
Cu  3.6954130117   3.5520514482   19.1898228871 1 1 1
Cu  6.1526540749   3.5522355679   19.1901718484 1 1 1
Cu  8.6030876439   4.9669944547   21.2811715775 1 1 1
Cu  7.3747498912   2.8389374009   21.2813870700 1 1 1
Cu  6.1459672578   4.9672504713   21.2813872307 1 1 1
Cu  6.1463933894   0.7112762418   21.2815361995 1 1 1
Cu  3.6891805457   4.9672922754   21.2815362116 1 1 1
Cu  4.9175761393   2.8391625684   21.2816684877 1 1 1
Cu  2.4607396249   2.8393743765   21.2817792309 1 1 1
Cu  3.6893421036   0.7113734325   21.2817792412 1 1 1
Cu  1.2323700943   0.7115070146   21.2819330456 1 1 1
Cu  3.6835829649   2.1267158433   23.3304632517 1 1 1
Cu  6.1403769994   2.1262794073   23.3307419844 1 1 1
Cu  4.9116011680   4.2545805390   23.3307422469 1 1 1
Cu  2.4559463624   -0.0012764666  23.3307461572 1 1 1
Cu  1.2268692296   2.1275466609   23.3307463009 1 1 1
Cu  4.9127988123   -0.0018166223  23.3309565547 1 1 1
Cu  2.4548268344   4.2555138290   23.3309567881 1 1 1
Cu  -0.0007423946  -0.0004311854  23.3309773685 1 1 1
Cu  7.3684685963   4.2541864872   23.3309883147 1 1 1
O   3.672632147   2.135779176  25.271983783 1 1 1
H   5.239418852   2.858923512  26.363272109 1 1 1