&CONTROL
calculation = 'relax'
forc_conv_thr = 2d-3
nstep = 200
outdir = './output/'
prefix = 'VLAB'
pseudo_dir = '/home/node1/PSP/PseudosP/pslibrary-master/pbe/PSEUDOPOTENTIALS/'
restart_mode = 'from_scratch'
tprnfor = .TRUE.
verbosity = 'high'
wf_collect = .TRUE.
/
&SYSTEM
 ibrav = 0
 nat = 78
 ntyp = 4

 ecutwfc = 50
 ecutrho = 400

 occupations = 'smearing'
 degauss = 0.02

 nspin = 2
 starting_magnetization(1) = 0.5


 nosym = .false.
 noinv = .false.
 noncolin = .false.

 vdw_corr = 'grimme-d3'
/
&ELECTRONS
conv_thr = 1e-07
electron_maxstep = 200
mixing_beta = 0.1
mixing_mode = 'plain'
scf_must_converge = .TRUE.
!startingwfc = 'random'
/
&IONS
ion_dynamics = 'bfgs'
upscale = 100
/
ATOMIC_SPECIES
Ni 58.7    Ni.pbe-n-rrkjus_psl.1.0.0.UPF
O  15.9994 O.pbe-n-rrkjus_psl.1.0.0.UPF
C  12.011  C.pbe-n-rrkjus_psl.1.0.0.UPF
H  1.00797 H.pbe-rrkjus_psl.1.0.0.UPF

K_POINTS {gamma}
!3 3 1 0 0 0


CELL_PARAMETERS angstrom
  9.829200000   0.000000000   0.000000000
  4.914597029   8.512338614   0.000000000
  0.000000000   0.000000000  38.647997345

ATOMIC_POSITIONS angstrom
Ni   1.228649752   0.709361551  11.250000000 0 0 0
Ni   2.457299010   2.837446205  11.250000000 0 0 0
Ni   3.685948267   4.965530858  11.250000000 0 0 0
Ni   4.914597524   7.093615512  11.250000000 0 0 0
Ni   3.685949752   0.709361551  11.250000000 0 0 0
Ni   4.914599010   2.837446205  11.250000000 0 0 0
Ni   6.143248267   4.965530858  11.250000000 0 0 0
Ni   7.371897524   7.093615512  11.250000000 0 0 0
Ni   6.143249752   0.709361551  11.250000000 0 0 0
Ni   7.371899010   2.837446205  11.250000000 0 0 0
Ni   8.600548267   4.965530858  11.250000000 0 0 0
Ni   9.829197524   7.093615512  11.250000000 0 0 0
Ni   8.600549752   0.709361551  11.250000000 0 0 0
Ni   9.829199010   2.837446205  11.250000000 0 0 0
Ni  11.057848267   4.965530858  11.250000000 0 0 0
Ni  12.286497524   7.093615512  11.250000000 0 0 0
Ni   9.823192617   0.002499524  13.302344502 0 0 0
Ni  11.051808983   2.130224024  13.304708414 0 0 0
Ni  12.280050846   4.257072256  13.304462173 0 0 0
Ni  13.509287281   6.385038471  13.303213599 0 0 0
Ni   2.451769747   0.002166060  13.302662360 0 0 0
Ni   3.680327906   2.130335940  13.304113682 0 0 0
Ni   4.908807478   4.257936399  13.305428722 0 0 0
Ni   6.137274540   6.385787686  13.303278346 0 0 0
Ni   4.908651749   0.001831268  13.302405997 0 0 0
Ni   6.137403690   2.130974826  13.305609628 0 0 0
Ni   7.366149497   4.258245123  13.306952129 0 0 0
Ni   8.594341264   6.385418936  13.304845203 0 0 0
Ni   7.365204560   0.002376935  13.302021859 0 0 0
Ni   8.594238587   2.130469564  13.304386789 0 0 0
Ni   9.823194646   4.257273959  13.305750808 0 0 0
Ni  11.051767949   6.385712074  13.303334567 0 0 0
Ni   2.449034001   1.422222890  15.336221030 0 0 0
Ni   3.677296634   3.549452040  15.338552649 0 0 0
Ni   4.906201831   5.677929986  15.337810787 0 0 0
Ni   6.134657137   7.807060597  15.333599766 0 0 0
Ni   4.905822544   1.421970012  15.336220514 0 0 0
Ni   6.134642616   3.550850524  15.340141695 0 0 0
Ni   7.362533018   5.678427934  15.339524228 0 0 0
Ni   8.591570170   7.806246864  15.335484998 0 0 0
Ni   7.362707088   1.422439861  15.337038785 0 0 0
Ni   8.591328688   3.549267803  15.340817334 0 0 0
Ni   9.820185089   5.677814397  15.337774831 0 0 0
Ni  11.048643290   7.807002287  15.334746174 0 0 0
Ni   9.820095369   1.422288277  15.336665597 0 0 0
Ni  11.048607517   3.549299234  15.340726661 0 0 0
Ni  12.277414429   5.677288548  15.335964040 0 0 0
Ni  13.506154141   7.806345560  15.331930091 0 0 0
Ni   1.218791091   0.714517325  17.387933511 0 0 0
Ni   2.447247404   2.842065468  17.393458351 0 0 0
Ni   3.675542641   4.971460416  17.391120099 0 0 0
Ni   4.904537041   7.099100016  17.385841142 0 0 0
Ni   3.675527338   0.713085230  17.389767276 0 0 0
Ni   4.903699983   2.842380567  17.393447920 0 0 0
Ni   6.131955259   4.972695752  17.396332910 0 0 0
Ni   7.361452468   7.099744232  17.389740924 0 0 0
Ni   6.133285086   0.711905178  17.390253317 0 0 0
Ni   7.362353140   2.840977351  17.396153517 0 0 0
Ni   8.591169058   4.971606924  17.393688909 0 0 0
Ni   9.819766971   7.100057673  17.388950680 0 0 0
Ni   8.591141174   0.713164241  17.388008689 0 0 0
Ni   9.819833020   2.840821928  17.395713684 0 0 0
Ni  11.048703082   4.970412533  17.392769759 0 0 0
Ni  12.276326639   7.098993826  17.385210291 0 0 0
O   7.468732701   4.017180075  21.682938907 1 1 1
O   8.566047783   4.934577193  19.307484334 1 1 1
O   8.560551374   4.934183996  24.119597481 1 1 1
C   8.552182275   4.949338768  21.706352518 1 1 1
C   9.387877919   4.730284521  20.451875903 1 1 1
C   9.371844998   4.715348326  22.970276731 1 1 1
H   8.099629550   5.946508536  21.709638639 1 1 1
H   9.781428579   3.709678491  20.398887205 1 1 1
H  10.224417547   5.433640077  20.404637916 1 1 1
H  10.224993993   5.399762820  23.013407066 1 1 1
H   9.735935925   3.683470650  23.016282422 1 1 1
H   7.844236543   3.120075841  21.684992733 1 1 1
H   7.824554731   4.307943518  19.365402213 1 1 1
H   9.121451424   4.776483766  24.897997345 1 1 1
