ATOMIC_POSITIONS (crystal)
Ni               0.0833333300        0.0833333300        0.2910888200    0   0   0
Ni               0.0833333300        0.3333333300        0.2910888200    0   0   0
Ni               0.0833333300        0.5833333300        0.2910888200    0   0   0
Ni               0.0833333300        0.8333333300        0.2910888200    0   0   0
Ni               0.3333333300        0.0833333300        0.2910888200    0   0   0
Ni               0.3333333300        0.3333333300        0.2910888200    0   0   0
Ni               0.3333333300        0.5833333300        0.2910888200    0   0   0
Ni               0.3333333300        0.8333333300        0.2910888200    0   0   0
Ni               0.5833333300        0.0833333300        0.2910888200    0   0   0
Ni               0.5833333300        0.3333333300        0.2910888200    0   0   0
Ni               0.5833333300        0.5833333300        0.2910888200    0   0   0
Ni               0.5833333300        0.8333333300        0.2910888200    0   0   0
Ni               0.8333333300        0.0833333300        0.2910888200    0   0   0
Ni               0.8333333300        0.3333333300        0.2910888200    0   0   0
Ni               0.8333333300        0.5833333300        0.2910888200    0   0   0
Ni               0.8333333300        0.8333333300        0.2910888200    0   0   0
Ni               0.6669475926       -0.1079903770        0.3876338502
Ni               0.8028736312        0.2025809528        0.3412453533
Ni               0.7888108503        0.4630116209        0.3404298708
Ni               1.0068349218        0.7420990039        0.3454936479
Ni               0.2327508282        0.0046406760        0.3419368184
Ni               0.2282268324        0.2578153304        0.3426401638
Ni               0.2547914711        0.4897159459        0.3442581486
Ni               0.2465054168        0.7485593078        0.3417340705
Ni               0.4990646855       -0.0017607854        0.3403773500
Ni               0.5168882362        0.2419261977        0.3444807320
Ni               0.5214223701        0.4874340818        0.3441415525
Ni               0.5214146417        0.7402301736        0.3434303925
Ni               0.7611820507       -0.0111019833        0.3439003656
Ni               0.7394420050        0.3513621032        0.3867633249
Ni               0.7052010007        0.6072741347        0.3890406656
Ni               0.7823588117        0.7159281325        0.3429014048
Ni               0.1645700057        0.1594158596        0.3952984240
Ni               0.1635769537        0.4107376748        0.3958445492
Ni               0.1668731134        0.6597713963        0.3960760277
Ni               0.1588534870        0.9125425927        0.3922118597
Ni               0.4103006326        0.1649359874        0.3903427872
Ni               0.4216031443        0.4113210301        0.3956787438
Ni               0.4076322207        0.6767201605        0.3905875706
Ni               0.4057252346        0.9222159909        0.3913844546
Ni               0.6648040344        0.1581939489        0.4014889210
Ni               0.5827107998        0.4954894517        0.4262141841
Ni               0.5937634762        0.7700194543        0.4317326468
Ni               0.5657712715        1.0276511295        0.4379269073
Ni               0.9384428111        0.1362545684        0.4117948067
Ni               0.9379199229        0.3913234096        0.4100730430
Ni               0.9184557946        0.6543475679        0.4005019704
Ni               0.9100903070        0.9097922904        0.3975157914
Ni               0.0836639149        0.0792999204        0.4617856189
Ni               0.0859357700        0.3331190749        0.4607749726
Ni               0.0868770848        0.5771012357        0.4508207113
Ni               0.0780691388        0.8377228738        0.4484819184
Ni               0.3181661025        0.0844433050        0.4534186808
Ni               0.3382364771        0.3193075763        0.4468177355
Ni               0.3256976930        0.5866555607        0.4480604046
Ni               0.3278616776        0.8371335850        0.4459036505
Ni               0.5621003524        0.1182708145        0.4904020478
Ni               0.5770080602        0.3218647807        0.4632619193
Ni               0.5753783415        0.6165832879        0.4734267226
Ni               0.5909694149        0.8579545169        0.4843040346
Ni               0.8201557632        0.0721318417        0.4572959656
Ni               0.8227896584        0.3324063022        0.4589026424
Ni               0.8365444846        0.5798616038        0.4585929664
Ni               0.8261427791        0.8275162023        0.4518968908
O                0.7120353712        0.4285195687        0.5701008038
O                0.5027797097        0.5832659655        0.5158505680
O                0.5999270316        0.6388469642        0.6309428499
C                0.5931676018        0.5915474390        0.5716971179
C                0.5682714005        0.6597226059        0.5362090630
C                0.6225261635        0.6875902227        0.5978257427
H                0.4833654578        0.5934210873        0.5781482433
H                0.6818749533        0.6421645934        0.5253373706
H                0.4810164687        0.7860716493        0.5347543927
H                0.5381830728        0.8132271738        0.5927893465
H                0.7422367845        0.6692059849        0.5941729414
H                0.8062800536        0.4220078944        0.5600270244
H                0.5431805256        0.4687537831        0.5207556701
H                0.6223090729        0.6943681722        0.6486961665
O                0.5605853943        0.2856642776        0.5144705667
H                0.6554191692        0.2434319106        0.5288287134
