ATOMIC_POSITIONS (angstrom)
Ni               1.2285271350        0.7092904721        8.0000000000    0   0   0
Ni               8.6004271350        0.7092904721        8.0000000000    0   0   0
Ni               2.4570542700        2.8371618884        8.0000000000    0   0   0
Ni               9.8289542700        2.8371618884        8.0000000000    0   0   0
Ni               3.6859500000        4.9656717300        8.0000000000    0   0   0
Ni              11.0578500000        4.9656717300        8.0000000000    0   0   0
Ni               3.6855814050        0.7092904721        8.0000000000    0   0   0
Ni              11.0574814050        0.7092904721        8.0000000000    0   0   0
Ni               4.9141085400        2.8371618884        8.0000000000    0   0   0
Ni              12.2860085400        2.8371618884        8.0000000000    0   0   0
Ni               6.1430042700        4.9656717300        8.0000000000    0   0   0
Ni              13.5149042700        4.9656717300        8.0000000000    0   0   0
Ni               6.1433728650        0.7092904721        8.0000000000    0   0   0
Ni              13.5152728650        0.7092904721        8.0000000000    0   0   0
Ni               7.3719000000        2.8371618884        8.0000000000    0   0   0
Ni              14.7438000000        2.8371618884        8.0000000000    0   0   0
Ni               8.6007957300        4.9656717300        8.0000000000    0   0   0
Ni              15.9726957300        4.9656717300        8.0000000000    0   0   0
Ni               0.0284255346       -0.0280543217        9.9900105006
Ni               7.3993015667       -0.0220886600       10.0215504817
Ni               1.2645085250        2.1028630266        9.9940876304
Ni               8.6335966904        2.0917439128       10.0037039454
Ni               2.4859906493        4.2262985532        9.9960071122
Ni               9.8725803198        4.2331509700       10.0019866820
Ni               2.4949707292       -0.0290618004        9.9942808343
Ni               9.8516769952       -0.0260483548       10.0036231147
Ni               3.7147134267        2.1039911461       10.0088077017
Ni              11.0931437417        2.0991896166        9.9947370500
Ni               4.9449100372        4.2191645436        9.9948064346
Ni              12.3152694239        4.2378293540       10.0033233729
Ni               4.9504415015       -0.0227553502        9.9997296269
Ni              12.3127937107       -0.0261367674        9.9975150664
Ni               6.1693367462        2.0987023600       10.0046588064
Ni              13.5457778529        2.1051068514        9.9956040922
Ni               7.4112257553        4.2229511159        9.9860882882
Ni              14.7741543826        4.2317354828        9.9951356188
Ni               1.1976742467        0.7088557191       11.9834008631
Ni               8.5655349057        0.6840790364       12.0566064643
Ni               2.4438369994        2.8271950204       12.0364609235
Ni               9.8085299365        2.8364785025       12.0020538493
Ni               3.6622799498        4.9658265300       11.9908618248
Ni              11.0479078052        4.9909511576       12.0533202363
Ni               3.6703319202        0.7175782788       12.0225658961
Ni              11.0253671411        0.7087374817       12.0094059252
Ni               4.8760435415        2.8129139154       12.0570259779
Ni              12.2593837028        2.8477460274       12.0049961538
Ni               6.1246720705        4.9476412156       11.9795347974
Ni              13.4996759872        4.9628487361       12.0107947927
Ni               6.1387760055        0.7008037995       12.0463973357
Ni              13.4829501649        0.7138900664       11.9980249982
Ni               7.3490703389        2.8290559347       12.0013998266
Ni              14.7231775932        2.8378980693       11.9996343532
Ni               8.5772295926        4.9597488087       11.9932398889
Ni              15.9528433510        4.9656256109       12.0042677343
Ni              -0.0072950798       -0.0182020469       13.9984930141
Ni               7.3681923215       -0.0135851892       14.3264245021
Ni               1.2107249974        2.0987556096       13.9845234737
Ni               8.6184918378        2.1066866200       13.9852553789
Ni               2.4641875552        4.2488610048       13.9909249054
Ni               9.8412909456        4.2232718315       13.9810571706
Ni               2.4437325162       -0.0493919325       13.9396247514
Ni               9.8551586884       -0.0371156816       14.0199285897
Ni               3.6817747633        2.0997070502       14.1568257840
Ni              11.0756749585        2.1017302028       13.9979203762
Ni               4.9172055913        4.2504838920       13.9842716751
Ni              12.3169986739        4.2271381934       14.0153088864
Ni               4.9212479124       -0.0482906526       13.9680330079
Ni              12.2919378750       -0.0228657591       14.0008073718
Ni               6.1611486249        2.1208232837       14.0060490240
Ni              13.5203332003        2.1078102428       13.9951665201
Ni               7.3715217753        4.2330227537       13.9978938072
Ni              14.7631488724        4.2279642913       14.0149983532
O                7.0977075081        0.0700873146       16.1311336836
O                3.4093426136        1.8090281944       16.1157078663
H                3.7198598902        0.9058498617       16.3671053392
H                7.8569694683       -0.4021011249       16.5230039609
H                4.9902712098        2.9770755207       16.8295457497
H                3.3384281482        3.6124951520       17.1004506216
C                3.9584227458        2.7073781386       17.1128020244
O                4.4752513172        0.6601381955       18.2728785945
H                5.4150050099        0.7255176986       18.0017323045
C                3.9134438293        1.9734346292       18.4489004179
H                2.8638090785        1.7801473957       18.7209040754
C                4.5467801368        2.7939923493       19.5645773901
H                4.3586681324        3.8629852264       19.3577145991
H                5.6428166983        2.6432295860       19.5569926335
O                3.9632532560        2.4003875607       20.8097657068
H                4.3118467348        2.9754441402       21.5123911422
