ATOMIC_POSITIONS angstrom
  Ni   1.2286497520   0.7093615510   11.2500000000  0 0 0
  Ni   2.4572990100   2.8374462050   11.2500000000  0 0 0
  Ni   3.6859482670   4.9655308580   11.2500000000  0 0 0
  Ni   4.9145975240   7.0936155120   11.2500000000  0 0 0
  Ni   3.6859497520   0.7093615510   11.2500000000  0 0 0
  Ni   4.9145990100   2.8374462050   11.2500000000  0 0 0
  Ni   6.1432482670   4.9655308580   11.2500000000  0 0 0
  Ni   7.3718975240   7.0936155120   11.2500000000  0 0 0
  Ni   6.1432497520   0.7093615510   11.2500000000  0 0 0
  Ni   7.3718990100   2.8374462050   11.2500000000  0 0 0
  Ni   8.6005482670   4.9655308580   11.2500000000  0 0 0
  Ni   9.8291975240   7.0936155120   11.2500000000  0 0 0
  Ni   8.6005497520   0.7093615510   11.2500000000  0 0 0
  Ni   9.8291990100   2.8374462050   11.2500000000  0 0 0
  Ni   11.0578482670   4.9655308580   11.2500000000  0 0 0
  Ni   12.2864975240   7.0936155120   11.2500000000  0 0 0
  Ni   9.8216773014   0.0042424211   13.3019917417  1 1 1
  Ni   11.0501804298   2.1317229090   13.2997947668  1 1 1
  Ni   12.2802863017   4.2561977275   13.3052460207  1 1 1
  Ni   13.5049889486   6.3871976990   13.2983357921  1 1 1
  Ni   2.4510770135   0.0032277442   13.2997429080  1 1 1
  Ni   3.6783260458   2.1355047905   13.3095283119  1 1 1
  Ni   4.9045882077   4.2565996819   13.3074270097  1 1 1
  Ni   6.1372812023   6.3854932608   13.3000098829  1 1 1
  Ni   4.9079828861   0.0053493728   13.2982526663  1 1 1
  Ni   6.1350322689   2.1331685741   13.3007153328  1 1 1
  Ni   7.3661460342   4.2580241998   13.3114876467  1 1 1
  Ni   8.5944318159   6.3840545972   13.3039988315  1 1 1
  Ni   7.3648182967   0.0043533123   13.2960062438  1 1 1
  Ni   8.5933975116   2.1382366118   13.3054216402  1 1 1
  Ni   9.8185640018   4.2563839584   13.3107206495  1 1 1
  Ni   11.0467496558   6.3836492341   13.3031236486  1 1 1
  Ni   2.4465294078   1.4217772494   15.3334778347  1 1 1
  Ni   3.6893460182   3.5400328479   15.3781297653  1 1 1
  Ni   4.9018950788   5.6794877330   15.3237574346  1 1 1
  Ni   6.1309304275   7.8077532673   15.3301517314  1 1 1
  Ni   4.9037702169   1.4295361485   15.3366361888  1 1 1
  Ni   6.1330222548   3.5489881318   15.3356791372  1 1 1
  Ni   7.3715804954   5.6736879607   15.3432685144  1 1 1
  Ni   8.5938302318   7.8053612405   15.3197754663  1 1 1
  Ni   7.3648458634   1.4277157150   15.3244012445  1 1 1
  Ni   8.5785405591   3.5490856254   15.3875115418  1 1 1
  Ni   9.8068739244   5.6645393717   15.3592971007  1 1 1
  Ni   11.0489125971   7.8011952319   15.3179595990  1 1 1
  Ni   9.8183848720   1.4238869259   15.3292772967  1 1 1
  Ni   11.0492949130   3.5482896281   15.3302987312  1 1 1
  Ni   12.2751184922   5.6728325816   15.3269701149  1 1 1
  Ni   13.5019788167   7.8058611551   15.3264286920  1 1 1
  Ni   1.2176322902   0.7200321267   17.3960282327  1 1 1
  Ni   2.4427253768   2.8382987996   17.3928817903  1 1 1
  Ni   3.6652131701   4.9884046819   17.3830803066  1 1 1
  Ni   4.8966115027   7.1139323429   17.3821692269  1 1 1
  Ni   3.6686557272   0.7069512926   17.3734509307  1 1 1
  Ni   4.8963335771   2.8514443137   17.4861349590  1 1 1
  Ni   6.1111115026   5.0265240731   17.3357859697  1 1 1
  Ni   7.3572069510   7.1312996547   17.3573155129  1 1 1
  Ni   6.1342433695   0.6556192217   17.3288341609  1 1 1
  Ni   7.3580963373   2.8180697436   17.4269488872  1 1 1
  Ni   8.5969492837   4.9929849250   17.5032200643  1 1 1
  Ni   9.8260051864   7.1060327187   17.3612221132  1 1 1
  Ni   8.6013068372   0.7001049660   17.3711311487  1 1 1
  Ni   9.8375901300   2.8279816331   17.3704919555  1 1 1
  Ni   11.0640999176   4.9655243494   17.3784761592  1 1 1
  Ni   12.2766888445   7.0879809495   17.3818657375  1 1 1
