ATOMIC_POSITIONS (crystal)
Ni               0.0833333300        0.0833333300        0.2910888200    0   0   0
Ni               0.0833333300        0.3333333300        0.2910888200    0   0   0
Ni               0.0833333300        0.5833333300        0.2910888200    0   0   0
Ni               0.0833333300        0.8333333300        0.2910888200    0   0   0
Ni               0.3333333300        0.0833333300        0.2910888200    0   0   0
Ni               0.3333333300        0.3333333300        0.2910888200    0   0   0
Ni               0.3333333300        0.5833333300        0.2910888200    0   0   0
Ni               0.3333333300        0.8333333300        0.2910888200    0   0   0
Ni               0.5833333300        0.0833333300        0.2910888200    0   0   0
Ni               0.5833333300        0.3333333300        0.2910888200    0   0   0
Ni               0.5833333300        0.5833333300        0.2910888200    0   0   0
Ni               0.5833333300        0.8333333300        0.2910888200    0   0   0
Ni               0.8333333300        0.0833333300        0.2910888200    0   0   0
Ni               0.8333333300        0.3333333300        0.2910888200    0   0   0
Ni               0.8333333300        0.5833333300        0.2910888200    0   0   0
Ni               0.8333333300        0.8333333300        0.2910888200    0   0   0
Ni              -0.0010145300        0.0004983800        0.3441832100
Ni              -0.0009939100        0.2504274100        0.3441263600
Ni              -0.0006336900        0.5000033400        0.3442674100
Ni               0.9987935500        0.7503458200        0.3440886100
Ni               0.2491773000        0.0003791800        0.3441250200
Ni               0.2487885900        0.2508716900        0.3443782100
Ni               0.2489563000        0.5000505600        0.3443238400
Ni               0.2493201800        0.7501455900        0.3441319300
Ni               0.4990125800        0.0006284300        0.3440864600
Ni               0.4988654000        0.2505972400        0.3441501800
Ni               0.4993058000        0.5002179100        0.3444289100
Ni               0.4993894900        0.7499765800        0.3442351400
Ni               0.7490238200        0.0005114100        0.3440283400
Ni               0.7486760900        0.2511926200        0.3442719600
Ni               0.7489054600        0.5000252200        0.3444090700
Ni               0.7489064200        0.7499289600        0.3442125000
Ni               0.1653915500        0.1670254600        0.3967470200
Ni               0.1674102400        0.4158707700        0.3979023700
Ni               0.1651043800        0.6672065100        0.3964955100
Ni               0.1651330300        0.9172277600        0.3966609600
Ni               0.4149297800        0.1679369500        0.3968287400
Ni               0.4154981700        0.4169228100        0.3968039800
Ni               0.4167051100        0.6665251700        0.3970003500
Ni               0.4158432500        0.9169467500        0.3963924800
Ni               0.6654208400        0.1677230900        0.3965121700
Ni               0.6642938100        0.4169342600        0.3981451200
Ni               0.6650035800        0.6654504300        0.3974150800
Ni               0.6658623300        0.9164573400        0.3963454900
Ni               0.9152631000        0.1672732900        0.3966383300
Ni               0.9157093800        0.4168407500        0.3966647600
Ni               0.9156299300        0.6664246900        0.3965786400
Ni               0.9151575300        0.9170054800        0.3965646300
Ni               0.0815856700        0.0845868800        0.4501146100
Ni               0.0818005700        0.3334334900        0.4500332000
Ni               0.0798802200        0.5860204700        0.4497795900
Ni               0.0803101000        0.8357200800        0.4497560100
Ni               0.3317154500        0.0830501800        0.4495304300
Ni               0.3306528300        0.3349777800        0.4524460800
Ni               0.3264811800        0.5904986000        0.4485558700
Ni               0.3296252500        0.8377603400        0.4491129300
Ni               0.5855737700        0.0770198700        0.4483759900
Ni               0.5830672200        0.3310570500        0.4509146700
Ni               0.5813545800        0.5865585400        0.4528881500
Ni               0.5822791900        0.8347920600        0.4492140200
Ni               0.8339540700        0.0822459000        0.4494704100
Ni               0.8347429600        0.3322214700        0.4494538700
Ni               0.8339697400        0.5833325700        0.4496604600
Ni               0.8326663900        0.8326714000        0.4497481600
O                0.7087308600        0.4363218500        0.5634085100
O                0.5615855300        0.5719326200        0.5049017800
O                0.6039039800        0.6278581100        0.6266830900
C                0.5874436200        0.5989878600        0.5656596400
C                0.5686454200        0.6760022500        0.5303123600
C                0.6149002900        0.6892783300        0.5940124800
H                0.4804657400        0.5944106200        0.5717522800
H                0.6676325000        0.6951504900        0.5242530700
H                0.4584894800        0.7885781600        0.5280483500
H                0.5254328300        0.8149510000        0.5914847000
H                0.7315223100        0.6788186000        0.5904048300
H                0.8108716600        0.4301229900        0.5638866600
H                0.6310262900        0.4641114300        0.5133538500
H                0.6209674400        0.6857178200        0.6448996200
O                0.4653277200        0.3249810900        0.4911830000
H                0.5141069200        0.2253255500        0.5037367800
