ATOMIC_POSITIONS (angstrom)
Ni               1.2286390390        0.7093535490        9.0125970590    0   0   0
Ni               2.4572760100        2.8374169220        9.0125970590    0   0   0
Ni               3.6859498400        4.9655441370        9.0125970590    0   0   0
Ni               3.6859144660        0.7093535490        9.0125970590    0   0   0
Ni               4.9145514370        2.8374169220        9.0125970590    0   0   0
Ni               6.1432252670        4.9655441370        9.0125970590    0   0   0
Ni               6.1432636120        0.7093535490        9.0125970590    0   0   0
Ni               7.3719005830        2.8374169220        9.0125970590    0   0   0
Ni               8.6005744130        4.9655441370        9.0125970590    0   0   0
Ni               0.0000019230       -0.0000011100       11.0191845730    0   0   0
Ni               1.2286511800        2.1280835430       11.0191845730    0   0   0
Ni               2.4573004380        4.2561681970       11.0191845730    0   0   0
Ni               2.4573019230       -0.0000011100       11.0191845730    0   0   0
Ni               3.6859511800        2.1280835430       11.0191845730    0   0   0
Ni               4.9146004380        4.2561681970       11.0191845730    0   0   0
Ni               4.9146019230       -0.0000011100       11.0191845730    0   0   0
Ni               6.1432511800        2.1280835430       11.0191845730    0   0   0
Ni               7.3719004380        4.2561681970       11.0191845730    0   0   0
Ni               9.8291970100        5.6748892401       13.0324849556    0   0   0
Ni               4.9145980198        5.6748893593       13.0324852164    0   0   0
Ni               7.3718991758        1.4187202853       13.0324856500    0   0   0
Ni               8.6005492460        3.5468057814       13.0324864151    0   0   0
Ni               7.3718984520        5.6748900664       13.0324864346    0   0   0
Ni               2.4573016324        1.4187213286       13.0324867123    0   0   0
Ni               3.6859500153        3.5468058594       13.0324876950    0   0   0
Ni               6.1432488122        3.5468055587       13.0324879319    0   0   0
Ni               4.9146003559        1.4187209547       13.0324881305    0   0   0
Ni               4.9146024517        2.8374451427       15.0334585589    0   0   0
Ni               2.4573039655        2.8374470172       15.0334598186    0   0   0
Ni               6.1432518675        4.9655284072       15.0334598528    0   0   0
Ni               7.3719008977        2.8374462771       15.0334599804    0   0   0
Ni               3.6859555058        0.7093603620       15.0334602556    0   0   0
Ni               1.2286550209        0.7093609929       15.0334616076    0   0   0
Ni               3.6859521613        4.9655297045       15.0334616685    0   0   0
Ni               8.6005513471        4.9655301153       15.0334618667    0   0   0
Ni               6.1432529377        0.7093606827       15.0334623189    0   0   0
Ni               7.3718981461        4.2561658701       17.0436126492    0   0   0
Ni               2.4573001516        4.2561668027       17.0436139163    0   0   0
Ni               4.9146014848       -0.0000023770       17.0436145683    0   0   0
Ni               4.9146006221        4.2561672435       17.0436152860    0   0   0
Ni               0.0000023638       -0.0000021113       17.0436153847    0   0   0
Ni               6.1432512178        2.1280823767       17.0436158106    0   0   0
Ni               1.2286541909        2.1280837412       17.0436166733    0   0   0
Ni               2.4573047358       -0.0000005294       17.0436167517    0   0   0
Ni               3.6859557290        2.1280847607       17.0436183569    0   0   0
Ni               7.3721082614        1.4258504931       19.0385736214
Ni               9.8225476522        5.6713737565       19.0337047057
Ni               2.4531637627        1.4157648260       19.0358579066
Ni               4.9220562408        5.6726346966       19.0351853434
Ni               4.9183355103        1.4157051731       19.0325651613
Ni               3.6854244272        3.5517701162       19.0328190061
Ni               7.3730573174        5.6851081459       19.0441163086
Ni               8.6073201746        3.5447566806       19.0441556694
Ni               6.1415409798        3.5450772821       19.0390000508
Ni               4.8957973945        2.8302388463       21.0394190592
Ni               6.1658783060        4.9581659437       21.0415555906
Ni               3.6870709458        4.9820838780       21.0241480734
Ni               3.6901963078        0.7610524097       21.0667343229
Ni               2.4978242007        2.8176975749       21.0586480271
Ni               1.2156084728        0.7032229186       21.0334153589
Ni               7.3787387266        2.8597701385       21.0471757875
Ni               6.1521287799        0.6982471524       21.0313983151
Ni               8.5833036560        4.9610689344       21.0517058861
Ni               3.7218583250        2.1959786251       23.2324377609
Ni               1.2268871842        2.1245938941       22.9660453394
Ni               2.4536905001        4.2736167429       22.9634669290
Ni               6.1525643377        2.1223833974       22.9662982093
Ni               0.0006336613        0.0061648993       23.0459577005
Ni               2.4538738713       -0.0029563651       22.9608946829
Ni               7.3752832711        4.2622998717       23.0573122259
Ni               4.9285247157        4.2828398233       22.9724267153
Ni               4.9166864863        0.0021577303       22.9788445849
O                3.5729760394        2.0545916135       24.9809772300
H                5.2534227617        2.8628302522       25.9188251645
H                3.7800837452        3.8626971736       25.9762836104
C                4.1467490906        2.8180182378       26.0137215857
O                4.1906109057        0.7446940742       27.2753370581
H                5.1644495321        0.7511146488       27.2445902568
C                3.7374944638        2.1031027421       27.2998935917
H                2.6351775782        2.0308810488       27.2979438534
C                4.1999308578        2.8441414640       28.5417991188
H                3.8416378373        3.8929383917       28.4930652995
H                5.3110924241        2.8610851046       28.5482664972
O                3.6710892855        2.1518779755       29.6764384279
H                4.0099964727        2.5742767348       30.4795940373
