ATOMIC_POSITIONS (angstrom)
O               11.0314335760        6.7610155875        6.5475060752
H               12.0665002232        7.8309946102        7.9401886365
H               10.2576715036        7.8908802221        8.0868272046
C               11.1188639495        7.2544379195        7.7769056593
O               12.2587280204        5.1750648716        8.4019725146
H               12.0929849922        5.0259512867        7.4468794381
C               11.2545124898        6.0456864766        8.8407631264
H               10.2605924406        5.5607136492        8.8372380068
C               11.5914093479        6.5728771133       10.2160498480
H               11.0036764503        7.4892352061       10.4029311001
H               12.6661980510        6.8312622966       10.2365827999
O               11.2783500009        5.5620812334       11.1784549534
H               11.2497630376        5.9737571003       12.0582429963
