ATOMIC_POSITIONS (angstrom)
NI               1.2254504230        0.7101865830        1.4556095020    0   0   0
NI               2.4444040200        2.8214761450        1.4556095020    0   0   0
NI               3.6633576180        4.9327657080        1.4556095020    0   0   0
NI               4.8823112150        7.0440552710        1.4556095020    0   0   0
NI               6.1012648120        9.1553448320        1.4556095020    0   0   0
NI               7.3202184090       11.2666343950        1.4556095020    0   0   0
NI               3.6633576170        0.7101865830        1.4556095020    0   0   0
NI               4.8823112140        2.8214761450        1.4556095020    0   0   0
NI               6.1012648110        4.9327657080        1.4556095020    0   0   0
NI               7.3202184090        7.0440552710        1.4556095020    0   0   0
NI               8.5391720050        9.1553448320        1.4556095020    0   0   0
NI               9.7581256030       11.2666343950        1.4556095020    0   0   0
NI               6.1012648120        0.7101865830        1.4556095020    0   0   0
NI               7.3202184090        2.8214761450        1.4556095020    0   0   0
NI               8.5391720060        4.9327657080        1.4556095020    0   0   0
NI               9.7581256040        7.0440552710        1.4556095020    0   0   0
NI              10.9770792000        9.1553448320        1.4556095020    0   0   0
NI              12.1960327980       11.2666343950        1.4556095020    0   0   0
NI               8.5391720070        0.7101865830        1.4556095020    0   0   0
NI               9.7581256040        2.8214761450        1.4556095020    0   0   0
NI              10.9770792010        4.9327657080        1.4556095020    0   0   0
NI              12.1960327990        7.0440552710        1.4556095020    0   0   0
NI              13.4149863960        9.1553448320        1.4556095020    0   0   0
NI              14.6339399930       11.2666343950        1.4556095020    0   0   0
NI              10.9770792000        0.7101865830        1.4556095020    0   0   0
NI              12.1960327970        2.8214761450        1.4556095020    0   0   0
NI              13.4149863950        4.9327657080        1.4556095020    0   0   0
NI              14.6339399920        7.0440552710        1.4556095020    0   0   0
NI              15.8528935890        9.1553448320        1.4556095020    0   0   0
NI              17.0718471870       11.2666343950        1.4556095020    0   0   0
NI              13.4149863960        0.7101865830        1.4556095020    0   0   0
NI              14.6339399920        2.8214761450        1.4556095020    0   0   0
NI              15.8528935900        4.9327657080        1.4556095020    0   0   0
NI              17.0718471870        7.0440552710        1.4556095020    0   0   0
NI              18.2908007840        9.1553448320        1.4556095020    0   0   0
NI              19.5097543820       11.2666343950        1.4556095020    0   0   0
NI              13.4556667196        7.7617667903        3.4123588516
NI              14.6504349864        9.8280666408        3.4011675494
NI              15.8418337807        7.7648764200        3.3909556753
NI              12.2468812466        9.8351170725        3.4297905733
NI              14.6455914843        5.6881466836        3.4230397658
NI              17.0369544367        9.8312027279        3.4133431275
NI              11.0268501913        7.7526954230        3.4447539575
NI              13.4433039838       11.9263472326        3.4425662309
NI              12.2326617116        5.6714085103        3.4403084078
NI              15.8449091246       11.9195509781        3.4302575528
NI              17.0480020411        5.6827271529        3.4306144699
NI              18.2413563442        7.7587714789        3.4231325332
NI               9.7932374124        9.8424856222        3.4675064973
NI              11.0137225777       11.9459942330        3.4654156867
NI              13.4249510600        3.5686780398        3.4648192733
NI              18.2542904313       11.9340357782        3.4506218535
NI              15.8501193505        3.5769848722        3.4519938378
NI              19.4588656260        9.8389254428        3.4431221602
NI               4.8449259397        5.6629584650        3.4495982543
NI               7.3261870603        1.3764348477        3.4618135756
NI               9.7851295987        5.6507433995        3.4728969492
NI               3.6510267409        3.5592663997        3.4719780964
NI               6.0595072470        7.7487843343        3.4620070802
NI               4.8979982628        1.4010985724        3.4792368130
NI               8.5509176209        7.7447690431        3.4813797179
NI               9.7456797962        1.3823546755        3.4697869639
NI              10.9881049921        3.5412580003        3.4780446749
NI               2.4531049245        1.4295086654        3.4825850373
NI               7.3025326041        9.8440519572        3.4783404851
NI              12.1807730605        1.4122583750        3.4825204623
NI               6.0924885957        3.5290424506        3.4817629305
NI               7.3065415208        5.6451452994        3.4827075355
NI               8.5418515855        3.5164417534        3.4901883221
NI               8.5475335738       11.9614932409        3.4930137542
NI              14.6293154281        1.4356299622        3.4855626705
NI              20.6989634352       11.9542920042        3.4773852613
AG              -0.1315494718        0.0089860556        5.7689395296
AG               5.7359122865        5.0487462066        5.7847640879
AG               7.1711411725        2.5610332398        5.7794808253
AG               8.6185509812        5.0627943699        5.7691519831
AG               1.3152762696        2.4948154556        5.7846615966
AG               5.7536273728       10.1666790297        5.7984191003
AG               2.7516085448        0.0176876966        5.7757238860
AG               8.6161845335       10.1631404860        5.7823389251
AG              11.5956103167        0.0356229145        5.8045006351
AG              13.0242587563        2.5104690278        5.7986837236
AG               4.2401501952        2.5254429398        5.8017827088
AG               7.1861667449        7.6027648384        5.7931345055
AG              10.0947022127        2.5526580869        5.7904429003
AG               2.8072972387        5.0141107316        5.8307744646
AG               4.3037478279        7.5927783173        5.8321456483
AG               5.6730301539        0.0535675446        5.8130025212
AG              10.0449586543        7.6053582529        5.8048757278
AG               8.6425086171        0.0661874021        5.8184934953
AG              11.5174660621        5.0404137051        5.8010843950
AG              11.4925227859       10.1687002676        5.8175779348
AG              14.4717688076        5.0075715754        5.8308250182
AG              17.4548861935       10.1781688657        5.8504215139
AG              12.9491404080        7.5998186875        5.8516419953
AG              14.4600418994       10.1884367632        5.8532440848
AG              15.9633685828        7.5775788225        5.8586746867
AG               5.7031966428        3.3790726106        8.1030921256
AG               7.1678953139        5.9182181636        8.0985408897
AG               8.6300745564        3.3843323308        8.0995590562
AG               4.2480194177        5.9079677488        8.1161372367
AG               7.1626319704        0.8575381183        8.1111505975
AG              10.0820097935        5.9085116080        8.0952013319
AG               1.3118001968        0.8500272000        8.1094564785
AG               7.1715627939       10.9990037805        8.1118080122
AG              13.0327851276        0.8502615532        8.1173073895
AG               2.7738718831        3.3663339811        8.1234201098
AG               5.7110077020        8.4644173561        8.1172945025
AG               4.2257855891        0.8493849504        8.1180096174
AG               8.6088236066        8.4662726021        8.1004014301
AG              10.1063548780        0.8574124047        8.1143863046
AG              11.5633009170        3.3779481653        8.1126841025
AG              11.5178381510        8.4697378261        8.1115691794
AG              13.0024049061       10.9978113663        8.1199674502
AG              13.0161104627        5.9003907754        8.1095885726
AG              15.9470132196       10.9959157569        8.1294044339
AG              15.9425724437        5.9023758661        8.1339393964
AG              17.4170150825        8.4535234234        8.1278800742
AG              10.0700356357       11.0056720283        8.1111104438
AG              14.4862832081        3.3660373431        8.1277161730
AG              18.8887617627       10.9979488136        8.1272426174
AG              14.4822068899        8.4521039817        8.1083123600
O               11.4570188199        8.1497217944       10.6977749716
H               13.4066875375        8.7511506574       10.8610829546
C               12.5543223833        8.1623327280       11.2526302956
H               10.9200809314        6.8968774033       12.1489254743
O               11.5922928490        6.6239947386       12.8152084082
C               12.7592590287        7.3751556084       12.5138368574
H               13.6193961326        6.6966117565       12.3577834060
O               14.3415792268        8.9940930929       13.2226820403
C               13.1532978364        8.3501694301       13.6612229415
H               12.3270224177        9.0769709758       13.7954337512
H               14.9058340466        9.1405879954       14.0173549133
H               14.0725990326        6.7916625515       14.8552862992
C               13.3198446479        7.5942784246       14.9959331072
O               12.0725634290        7.0515240923       15.4324496110
O               15.1921831532        8.8390653195       15.7696323583
C               13.8249948535        8.5080520983       16.1222291499
H               11.6121510135        6.7008705848       14.6372965596
H               13.2004374167        9.4194201885       16.1586063394
H               15.5244350588        9.4955856500       16.4052555416
H               14.2123779047        6.8177364863       17.4246059610
C               13.7706505029        7.8296914229       17.4991662536
O               12.4620779337        7.8071885517       18.0484375475
H               14.3963674680        8.4092653421       18.1968304142
H               11.8999099706        7.3706307801       17.3775474348
