     1.0000   1.0000   1.0000   1.0000   1.0000   1.0000   1.0000   1.0000
     1.0000   1.0000   1.0000   1.0000   1.0000   1.0000   1.0000   1.0000
     1.0000   1.0000   1.0000   1.0000   1.0000   1.0000   1.0000   1.0000
     1.0000   1.0000   1.0000   1.0000   1.0000   1.0000   1.0000   1.0000
     1.0000   1.0000   1.0000   1.0000   1.0000   1.0000   1.0000   1.0000
     1.0000   1.0000   1.0000   1.0000   1.0000   1.0000   1.0000   1.0000
     1.0000   1.0000   1.0000   1.0000   1.0000   1.0000   1.0000   1.0000
     1.0000   1.0000   1.0000   1.0000   1.0000   1.0000   1.0000   1.0000
     1.0000   1.0000   1.0000   1.0000   1.0000   1.0000   1.0000   1.0000
     1.0000   1.0000   1.0000   1.0000   1.0000   1.0000   1.0000   1.0000
     1.0000   1.0000   1.0000   1.0000   1.0000   1.0000   1.0000   1.0000
     1.0000   1.0000   1.0000   1.0000   1.0000   1.0000   1.0000   1.0000
     1.0000   1.0000   1.0000   1.0000   1.0000   1.0000   1.0000   1.0000
     1.0000   1.0000   1.0000   1.0000   1.0000   1.0000   1.0000   1.0000
     1.0000   1.0000   1.0000   1.0000   1.0000   1.0000   1.0000   1.0000
     1.0000   1.0000   1.0000   1.0000   1.0000   1.0000   1.0000   1.0000
     1.0000   1.0000   1.0000   1.0000   1.0000   1.0000   1.0000   1.0000
     1.0000   1.0000   1.0000   1.0000   1.0000   1.0000   1.0000   1.0000
     1.0000   1.0000   1.0000   1.0000   1.0000   1.0000   1.0000   1.0000
     1.0000   1.0000   1.0000   1.0000   1.0000   1.0000   1.0000   1.0000
     1.0000   1.0000   1.0000   1.0000   1.0000   1.0000   1.0000   1.0000
     1.0000   1.0000   1.0000   1.0000   1.0000   1.0000   1.0000   1.0000
     1.0000   1.0000   1.0000   1.0000   1.0000   1.0000   1.0000   1.0000
     1.0000   1.0000   1.0000   1.0000   1.0000   1.0000   1.0000   1.0000
     1.0000   1.0000   1.0000   1.0000   1.0000   1.0000   1.0000   1.0000
     1.0000   1.0000   1.0000   1.0000   1.0000   1.0000   1.0000   1.0000
     1.0000   1.0000   1.0000   1.0000   1.0000   1.0000   1.0000   1.0000
     1.0000   1.0000   1.0000   1.0000   1.0000   1.0000   1.0000   1.0000
     1.0000   0.9999   0.9999   0.9999   0.9998   0.9998   0.9996   0.9995
     0.9994   0.9992   0.9989   0.9988   0.9987   0.9987   0.9977   0.9977
     0.9976   0.9970   0.9956   0.9941   0.9938   0.9928   0.9908   0.9901
     0.9893   0.9872   0.9804   0.9774   0.9742   0.9725   0.9692   0.9620
     0.9589   0.9523   0.9459   0.9373   0.9290   0.9209   0.9085   0.9020
     0.8588   0.8018   0.7979   0.7857   0.6988   0.6863   0.6407   0.6374
     0.5934   0.5589   0.4735   0.4549   0.4499   0.3988   0.3766   0.3640
     0.3024   0.2318   0.2045   0.2041   0.1787   0.0194   0.0092   0.0021
     0.0013   0.0010   0.0003   0.0001   0.0000   0.0000   0.0000   0.0000
     0.0000   0.0000   0.0000   0.0000   0.0000   0.0000   0.0000   0.0000
     0.0000   0.0000   0.0000   0.0000   0.0000   0.0000   0.0000   0.0000
     0.0000   0.0000   0.0000   0.0000   0.0000   0.0000   0.0000   0.0000
     0.0000   0.0000   0.0000   0.0000   0.0000   0.0000   0.0000   0.0000
     0.0000   0.0000   0.0000   0.0000   0.0000   0.0000   0.0000   0.0000
     0.0000   0.0000   0.0000   0.0000   0.0000   0.0000   0.0000   0.0000
     0.0000   0.0000   0.0000   0.0000   0.0000   0.0000

          k = 0.3333 0.1925 0.0000 ( 79719 PWs)   bands (ev):

    -6.4511  -5.9303  -5.4610  -5.2412  -4.7472  -4.5868  -4.3153  -4.1173
    -4.1165  -3.8066  -3.6693  -3.6686  -3.5504  -3.3232  -3.3231  -2.9886
    -2.9016  -2.7557  -2.7497  -2.7480  -2.6573  -2.6552  -2.6226  -2.5020
    -2.5018  -2.4088  -2.3595  -2.2688  -2.2672  -2.2369  -2.1935  -2.1757
    -2.1744  -2.0922  -2.0814  -2.0754  -2.0483  -1.9919  -1.9729  -1.9660
    -1.9655  -1.9483  -1.9467  -1.9288  -1.9280  -1.8434  -1.7408  -1.7382
    -1.7159  -1.7145  -1.7023  -1.6972  -1.6891  -1.6217  -1.6191  -1.5646
    -1.5509  -1.5504  -1.5209  -1.5086  -1.5016  -1.4967  -1.4824  -1.4714
    -1.4661  -1.4576  -1.4224  -1.4176  -1.3694  -1.3667  -1.3487  -1.3460
    -1.3372  -1.3141  -1.3129  -1.3115  -1.2931  -1.2772  -1.2467  -1.2415
    -1.2191  -1.2027  -1.1642  -1.1630  -1.1496  -1.1323  -1.1211  -1.1122
    -1.1121  -1.0731  -1.0386  -1.0364  -1.0338  -1.0169  -1.0139  -0.9850
    -0.9751  -0.9743  -0.9400  -0.9331  -0.9322  -0.9136  -0.9092  -0.8878
    -0.8837  -0.8722  -0.8428  -0.8315  -0.8298  -0.7931  -0.7814  -0.7789
    -0.7616  -0.7542  -0.7358  -0.7336  -0.7043  -0.6997  -0.6793  -0.6719
    -0.6628  -0.6597  -0.6466  -0.6347  -0.6324  -0.6235  -0.6036  -0.5775
    -0.5700  -0.5577  -0.5555  -0.5441  -0.5336  -0.5228  -0.5151  -0.5074
    -0.5061  -0.5042  -0.5005  -0.4823  -0.4767  -0.4753  -0.4199  -0.4117
    -0.4051  -0.3968  -0.3862  -0.3787  -0.3653  -0.3646  -0.3643  -0.3487
    -0.3315  -0.3081  -0.3034  -0.3001  -0.2961  -0.2824  -0.2580  -0.2542
    -0.2031  -0.1936  -0.1809  -0.1736  -0.1654  -0.1615  -0.1591  -0.1452
    -0.1382  -0.1313  -0.1305  -0.1216  -0.1212  -0.0766  -0.0722  -0.0715
    -0.0433  -0.0362  -0.0202  -0.0041  -0.0037   0.0126   0.0143   0.0284
     0.0298   0.0471   0.0476   0.0544   0.0696   0.0725   0.0773   0.0911
     0.1016   0.1180   0.1218   0.1326   0.1555   0.1572   0.1681   0.1723
     0.1801   0.1905   0.1945   0.2233   0.2375   0.2382   0.2420   0.2511
     0.2653   0.2703   0.2733   0.2829   0.2963   0.3007   0.3076   0.3299
     0.3340   0.3507   0.3603   0.3692   0.3842   0.3910   0.3924   0.4108
     0.4311   0.4529   0.4593   0.4639   0.4752   0.4756   0.4952   0.5000
     0.5010   0.5229   0.5340   0.5342   0.5449   0.5494   0.5569   0.5691
     0.5740   0.5761   0.5852   0.5961   0.5973   0.6071   0.6119   0.6192
     0.6243   0.6251   0.6414   0.6484   0.6497   0.6547   0.6602   0.6793
     0.6867   0.6966   0.7102   0.7303   0.7484   0.7592   0.7597   0.7917
     0.8255   0.8263   0.8418   0.8542   0.8550   0.8642   0.8846   0.8894
     0.9041   0.9076   0.9098   0.9330   0.9375   0.9429   0.9479   0.9637
     0.9712   0.9941   0.9951   1.0131   1.0386   1.0460   1.0504   1.0530
     1.0532   1.0562   1.0592   1.0725   1.1067   1.1272   1.1316   1.1436
     1.1662   1.1753   1.1826   1.2209   1.2266   1.2448   1.2466   1.2723
     1.3029   1.3072   1.3120   1.3129   1.3490   1.3575   1.3580   1.3961
     1.4027   1.4323   1.4376   1.4588   1.4713   1.4919   1.5117   1.5517
     1.5724   1.5895   1.5989   1.6228   1.6533   1.6729   1.6861   1.6968
     1.6984   1.7231   1.7376   1.7950   1.7987   1.8134   1.8333   1.8386
     1.8447   1.8583   1.8667   1.8834   1.8893   1.9011   1.9199   1.9581
     1.9670   1.9702   1.9886   1.9937   2.0000   2.0141   2.0146   2.0203
     2.0448   2.0609   2.0830   2.0870   2.1100   2.1127   2.1185   2.1196
     2.1200   2.1264   2.1536   2.1580   2.1935   2.2210   2.2299   2.2811
     2.2871   2.3056   2.3364   2.3596   2.4305   2.4509   2.4592   2.4652
     2.5053   2.5087   2.5093   2.5265   2.5433   2.5667   2.5705   2.6160
     2.6317   2.6322   2.6352   2.6359   2.6432   2.6849   2.8864   3.0791
     3.0820   3.2011   3.2050   3.2133   3.3683   3.3695   3.4913   3.5957
     3.6188   3.7734   3.8510   3.8514   4.0637   4.4127   4.4139   4.4832
     4.4872   4.6319   4.6348   4.6723   5.1218   5.1355   5.1617   5.3464
     5.3660   5.7031   5.7084   5.7104   5.7983   5.8003   5.9196   5.9295
     6.5154   6.5282   6.5973   6.8060   6.9644   6.9744   6.9879   7.0619
     7.0668   7.1855   7.2132   7.2268   7.3566   7.4292   7.5032   7.6527
     7.8147   7.8486   7.8707   7.9765   8.2729   8.3453   8.3906   8.5483
     8.5925   8.6720   8.6884   8.6888   8.9711   8.9721

     occupation numbers 
     1.0000   1.0000   1.0000   1.0000   1.0000   1.0000   1.0000   1.0000
     1.0000   1.0000   1.0000   1.0000   1.0000   1.0000   1.0000   1.0000
     1.0000   1.0000   1.0000   1.0000   1.0000   1.0000   1.0000   1.0000
     1.0000   1.0000   1.0000   1.0000   1.0000   1.0000   1.0000   1.0000
     1.0000   1.0000   1.0000   1.0000   1.0000   1.0000   1.0000   1.0000
     1.0000   1.0000   1.0000   1.0000   1.0000   1.0000   1.0000   1.0000
     1.0000   1.0000   1.0000   1.0000   1.0000   1.0000   1.0000   1.0000
     1.0000   1.0000   1.0000   1.0000   1.0000   1.0000   1.0000   1.0000
     1.0000   1.0000   1.0000   1.0000   1.0000   1.0000   1.0000   1.0000
     1.0000   1.0000   1.0000   1.0000   1.0000   1.0000   1.0000   1.0000
     1.0000   1.0000   1.0000   1.0000   1.0000   1.0000   1.0000   1.0000
     1.0000   1.0000   1.0000   1.0000   1.0000   1.0000   1.0000   1.0000
     1.0000   1.0000   1.0000   1.0000   1.0000   1.0000   1.0000   1.0000
     1.0000   1.0000   1.0000   1.0000   1.0000   1.0000   1.0000   1.0000
     1.0000   1.0000   1.0000   1.0000   1.0000   1.0000   1.0000   1.0000
     1.0000   1.0000   1.0000   1.0000   1.0000   1.0000   1.0000   1.0000
     1.0000   1.0000   1.0000   1.0000   1.0000   1.0000   1.0000   1.0000
     1.0000   1.0000   1.0000   1.0000   1.0000   1.0000   1.0000   1.0000
     1.0000   1.0000   1.0000   1.0000   1.0000   1.0000   1.0000   1.0000
     1.0000   1.0000   1.0000   1.0000   1.0000   1.0000   1.0000   1.0000
     1.0000   1.0000   1.0000   1.0000   1.0000   1.0000   1.0000   1.0000
     1.0000   1.0000   1.0000   1.0000   1.0000   1.0000   1.0000   1.0000
     1.0000   1.0000   1.0000   1.0000   1.0000   1.0000   1.0000   1.0000
     1.0000   1.0000   1.0000   1.0000   1.0000   1.0000   1.0000   1.0000
     1.0000   1.0000   1.0000   1.0000   1.0000   1.0000   1.0000   1.0000
     1.0000   1.0000   1.0000   1.0000   1.0000   1.0000   1.0000   1.0000
     1.0000   1.0000   1.0000   1.0000   1.0000   1.0000   1.0000   1.0000
     1.0000   1.0000   1.0000   1.0000   1.0000   1.0000   1.0000   1.0000
     1.0000   1.0000   1.0000   1.0000   1.0000   1.0000   1.0000   1.0000
     1.0000   1.0000   1.0000   1.0000   1.0000   1.0000   1.0000   1.0000
     1.0000   1.0000   1.0000   1.0000   1.0000   1.0000   1.0000   1.0000
     1.0000   1.0000   1.0000   1.0000   1.0000   1.0000   1.0000   1.0000
     1.0000   1.0000   1.0000   1.0000   1.0000   1.0000   1.0000   1.0000
     1.0000   1.0000   1.0000   1.0000   1.0000   1.0000   1.0000   1.0000
     1.0000   1.0000   1.0000   1.0000   1.0000   1.0000   1.0000   1.0000
     1.0000   1.0000   1.0000   1.0000   1.0000   1.0000   1.0000   1.0000
     1.0000   1.0000   1.0000   1.0000   1.0000   1.0000   1.0000   1.0000
     1.0000   1.0000   1.0000   1.0000   1.0000   1.0000   1.0000   1.0000
     1.0000   1.0000   1.0000   1.0000   1.0000   1.0000   1.0000   1.0000
     1.0000   1.0000   1.0000   1.0000   1.0000   1.0000   1.0000   1.0000
     1.0000   1.0000   1.0000   1.0000   1.0000   1.0000   1.0000   1.0000
     1.0000   1.0000   0.9999   0.9998   0.9998   0.9997   0.9996   0.9996
     0.9995   0.9994   0.9993   0.9991   0.9989   0.9987   0.9982   0.9967
     0.9962   0.9960   0.9948   0.9943   0.9938   0.9924   0.9923   0.9917
     0.9883   0.9855   0.9807   0.9797   0.9731   0.9722   0.9702   0.9698
     0.9697   0.9673   0.9556   0.9534   0.9324   0.9117   0.9041   0.8506
     0.8433   0.8191   0.7738   0.7361   0.6035   0.5622   0.5451   0.5327
     0.4498   0.4429   0.4416   0.4065   0.3732   0.3281   0.3209   0.2415
     0.2169   0.2161   0.2115   0.2105   0.1996   0.1446   0.0176   0.0009
     0.0009   0.0001   0.0001   0.0001   0.0000   0.0000   0.0000   0.0000
     0.0000   0.0000   0.0000   0.0000   0.0000   0.0000   0.0000   0.0000
     0.0000   0.0000   0.0000   0.0000   0.0000   0.0000   0.0000   0.0000
     0.0000   0.0000   0.0000   0.0000   0.0000   0.0000   0.0000   0.0000
     0.0000   0.0000   0.0000   0.0000   0.0000   0.0000   0.0000   0.0000
     0.0000   0.0000   0.0000   0.0000   0.0000   0.0000   0.0000   0.0000
     0.0000   0.0000   0.0000   0.0000   0.0000   0.0000   0.0000   0.0000
     0.0000   0.0000   0.0000   0.0000   0.0000   0.0000

          k = 0.3333-0.5774 0.0000 ( 79572 PWs)   bands (ev):

    -5.6601  -5.6122  -5.5892  -5.1344  -5.1035  -5.0939  -4.6834  -4.6596
    -4.6559  -3.8714  -3.8464  -3.8382  -3.1445  -3.1293  -3.0812  -2.7240
    -2.6932  -2.6812  -2.4704  -2.4530  -2.4353  -2.3982  -2.3971  -2.3750
    -2.3559  -2.3467  -2.3124  -2.3018  -2.2943  -2.2000  -2.1576  -2.1404
    -2.1324  -2.1197  -2.1051  -2.0946  -2.0819  -2.0533  -2.0257  -2.0127
    -2.0116  -1.9854  -1.9807  -1.9559  -1.9362  -1.8668  -1.8371  -1.8137
    -1.8068  -1.8019  -1.7899  -1.7753  -1.7006  -1.6688  -1.6588  -1.6023
    -1.5990  -1.5612  -1.5585  -1.5501  -1.5271  -1.5144  -1.5034  -1.4885
    -1.4864  -1.4842  -1.4726  -1.4570  -1.4320  -1.4270  -1.3908  -1.3768
    -1.3654  -1.3442  -1.3400  -1.3063  -1.3047  -1.2813  -1.2699  -1.2544
    -1.2503  -1.2369  -1.1970  -1.1890  -1.1753  -1.1608  -1.1581  -1.1442
    -1.1367  -1.1307  -1.1147  -1.0892  -1.0659  -1.0582  -1.0573  -1.0368
    -1.0244  -0.9824  -0.9637  -0.9469  -0.9436  -0.9268  -0.9183  -0.8849
    -0.8778  -0.8592  -0.8529  -0.8480  -0.8239  -0.8143  -0.8081  -0.8056
    -0.8042  -0.7825  -0.7477  -0.7426  -0.7381  -0.7297  -0.7232  -0.7134
    -0.7062  -0.7028  -0.6920  -0.6569  -0.6318  -0.6241  -0.6233  -0.6080
    -0.6077  -0.5969  -0.5888  -0.5789  -0.5621  -0.5602  -0.5484  -0.5398
    -0.5317  -0.5192  -0.4989  -0.4922  -0.4891  -0.4798  -0.4796  -0.4675
    -0.4423  -0.4315  -0.4270  -0.4123  -0.4076  -0.3964  -0.3871  -0.3525
    -0.3170  -0.3036  -0.2861  -0.2634  -0.2473  -0.2411  -0.2387  -0.2281
    -0.2121  -0.2096  -0.1783  -0.1719  -0.1699  -0.1636  -0.1423  -0.1315
    -0.1089  -0.1040  -0.0957  -0.0853  -0.0650  -0.0621  -0.0570  -0.0514
    -0.0420  -0.0333  -0.0055   0.0001   0.0024   0.0122   0.0369   0.0456
     0.0517   0.0666   0.0668   0.0718   0.0794   0.1029   0.1065   0.1070
     0.1176   0.1232   0.1387   0.1465   0.1604   0.1634   0.1656   0.1824
     0.1911   0.2252   0.2321   0.2358   0.2489   0.2551   0.2555   0.2566
     0.2686   0.2834   0.2840   0.2848   0.2918   0.3029   0.3092   0.3211
     0.3344   0.3427   0.3442   0.3506   0.3654   0.3665   0.3708   0.3813
     0.3884   0.4018   0.4031   0.4130   0.4226   0.4340   0.4409   0.4429
     0.4480   0.4530   0.4612   0.4799   0.4960   0.5067   0.5142   0.5224
     0.5291   0.5297   0.5303   0.5407   0.5540   0.5542   0.5940   0.5951
     0.6127   0.6207   0.6360   0.6457   0.6509   0.6673   0.6945   0.6974
     0.7008   0.7030   0.7147   0.7153   0.7408   0.7425   0.7563   0.7889
     0.8110   0.8181   0.8220   0.8410   0.8500   0.8598   0.8811   0.8820
     0.8953   0.8986   0.9161   0.9195   0.9210   0.9339   0.9757   0.9848
     0.9962   0.9986   1.0043   1.0283   1.0359   1.0412   1.0479   1.0512
     1.0913   1.1062   1.1297   1.1372   1.1541   1.1729   1.1748   1.1958
     1.1984   1.2103   1.2325   1.2419   1.2852   1.3203   1.3214   1.3334
     1.3460   1.4074   1.4085   1.4216   1.4386   1.4405   1.4456   1.4477
     1.4557   1.4781   1.4855   1.4912   1.5062   1.5070   1.5737   1.5781
     1.5903   1.5951   1.6109   1.6308   1.6433   1.6494   1.6627   1.6891
     1.7021   1.7088   1.7622   1.7750   1.8225   1.8277   1.8427   1.8514
     1.8548   1.8631   1.8705   1.8970   1.9066   1.9079   1.9148   1.9380
     1.9408   1.9511   1.9554   1.9729   1.9938   2.0036   2.0276   2.0344
     2.0511   2.0638   2.0766   2.0779   2.1794   2.1871   2.2121   2.2166
     2.2189   2.2246   2.2348   2.2800   2.3068   2.3209   2.3334   2.3354
     2.3466   2.3478   2.3967   2.4140   2.4229   2.4836   2.4928   2.5198
     2.5216   2.5471   2.5755   2.5932   2.6115   2.6369   2.6440   2.6695
     2.9591   3.0758   3.1185   3.1516   3.1932   3.2066   3.3234   3.3396
     3.3624   3.3889   3.6996   3.7689   3.7737   3.8206   3.8229   3.8422
     3.8472   3.8477   3.8662   3.9396   4.0954   4.1564   4.2409   4.2806
     4.2900   4.3262   4.5745   4.6198   4.7183   4.7247   4.7418   4.8248
     4.8720   4.9228   4.9673   5.1540   5.1564   5.2018   5.4639   5.8688
     5.8771   5.8860   5.9358   5.9508   6.0603   6.1911   6.5656   6.9961
     7.1852   7.2860   7.3579   7.5285   7.5455   7.5945   7.6120   7.7303
     7.9814   7.9876   7.9877   8.1271   8.1797   8.1803   8.2125   8.2751
     8.2897   8.2971   8.3530   8.3928   8.4275   8.7563

     occupation numbers 
     1.0000   1.0000   1.0000   1.0000   1.0000   1.0000   1.0000   1.0000
     1.0000   1.0000   1.0000   1.0000   1.0000   1.0000   1.0000   1.0000
     1.0000   1.0000   1.0000   1.0000   1.0000   1.0000   1.0000   1.0000
     1.0000   1.0000   1.0000   1.0000   1.0000   1.0000   1.0000   1.0000
     1.0000   1.0000   1.0000   1.0000   1.0000   1.0000   1.0000   1.0000
     1.0000   1.0000   1.0000   1.0000   1.0000   1.0000   1.0000   1.0000
     1.0000   1.0000   1.0000   1.0000   1.0000   1.0000   1.0000   1.0000
     1.0000   1.0000   1.0000   1.0000   1.0000   1.0000   1.0000   1.0000
     1.0000   1.0000   1.0000   1.0000   1.0000   1.0000   1.0000   1.0000
     1.0000   1.0000   1.0000   1.0000   1.0000   1.0000   1.0000   1.0000
     1.0000   1.0000   1.0000   1.0000   1.0000   1.0000   1.0000   1.0000
     1.0000   1.0000   1.0000   1.0000   1.0000   1.0000   1.0000   1.0000
     1.0000   1.0000   1.0000   1.0000   1.0000   1.0000   1.0000   1.0000
     1.0000   1.0000   1.0000   1.0000   1.0000   1.0000   1.0000   1.0000
     1.0000   1.0000   1.0000   1.0000   1.0000   1.0000   1.0000   1.0000
     1.0000   1.0000   1.0000   1.0000   1.0000   1.0000   1.0000   1.0000
     1.0000   1.0000   1.0000   1.0000   1.0000   1.0000   1.0000   1.0000
     1.0000   1.0000   1.0000   1.0000   1.0000   1.0000   1.0000   1.0000
     1.0000   1.0000   1.0000   1.0000   1.0000   1.0000   1.0000   1.0000
     1.0000   1.0000   1.0000   1.0000   1.0000   1.0000   1.0000   1.0000
     1.0000   1.0000   1.0000   1.0000   1.0000   1.0000   1.0000   1.0000
     1.0000   1.0000   1.0000   1.0000   1.0000   1.0000   1.0000   1.0000
     1.0000   1.0000   1.0000   1.0000   1.0000   1.0000   1.0000   1.0000
     1.0000   1.0000   1.0000   1.0000   1.0000   1.0000   1.0000   1.0000
     1.0000   1.0000   1.0000   1.0000   1.0000   1.0000   1.0000   1.0000
     1.0000   1.0000   1.0000   1.0000   1.0000   1.0000   1.0000   1.0000
     1.0000   1.0000   1.0000   1.0000   1.0000   1.0000   1.0000   1.0000
     1.0000   1.0000   1.0000   1.0000   1.0000   1.0000   1.0000   1.0000
     1.0000   1.0000   1.0000   1.0000   1.0000   1.0000   1.0000   1.0000
     1.0000   1.0000   1.0000   1.0000   1.0000   1.0000   1.0000   1.0000
     1.0000   1.0000   1.0000   1.0000   1.0000   1.0000   1.0000   1.0000
     1.0000   1.0000   1.0000   1.0000   1.0000   1.0000   1.0000   1.0000
     1.0000   1.0000   1.0000   1.0000   1.0000   1.0000   1.0000   1.0000
     1.0000   1.0000   1.0000   1.0000   1.0000   1.0000   1.0000   1.0000
     1.0000   1.0000   1.0000   1.0000   1.0000   1.0000   1.0000   1.0000
     1.0000   1.0000   1.0000   1.0000   1.0000   1.0000   1.0000   1.0000
     1.0000   1.0000   1.0000   1.0000   1.0000   1.0000   1.0000   1.0000
     1.0000   1.0000   1.0000   1.0000   1.0000   1.0000   1.0000   1.0000
     1.0000   1.0000   1.0000   1.0000   1.0000   1.0000   1.0000   1.0000
     1.0000   1.0000   1.0000   1.0000   1.0000   1.0000   1.0000   1.0000
     1.0000   1.0000   1.0000   1.0000   1.0000   1.0000   1.0000   1.0000
     1.0000   1.0000   0.9999   0.9999   0.9997   0.9997   0.9995   0.9995
     0.9994   0.9993   0.9992   0.9988   0.9986   0.9986   0.9984   0.9976
     0.9975   0.9971   0.9969   0.9959   0.9943   0.9934   0.9908   0.9899
     0.9873   0.9849   0.9822   0.9819   0.9415   0.9367   0.9189   0.9153
     0.9134   0.9087   0.8997   0.8520   0.8175   0.7973   0.7785   0.7755
     0.7576   0.7556   0.6694   0.6361   0.6187   0.4947   0.4756   0.4201
     0.4164   0.3657   0.3117   0.2800   0.2488   0.2089   0.1984   0.1637
     0.0065   0.0010   0.0005   0.0002   0.0001   0.0001   0.0000   0.0000
     0.0000   0.0000   0.0000   0.0000   0.0000   0.0000   0.0000   0.0000
     0.0000   0.0000   0.0000   0.0000   0.0000   0.0000   0.0000   0.0000
     0.0000   0.0000   0.0000   0.0000   0.0000   0.0000   0.0000   0.0000
     0.0000   0.0000   0.0000   0.0000   0.0000   0.0000   0.0000   0.0000
     0.0000   0.0000   0.0000   0.0000   0.0000   0.0000   0.0000   0.0000
     0.0000   0.0000   0.0000   0.0000   0.0000   0.0000   0.0000   0.0000
     0.0000   0.0000   0.0000   0.0000   0.0000   0.0000   0.0000   0.0000
     0.0000   0.0000   0.0000   0.0000   0.0000   0.0000

     the Fermi energy is     2.4810 ev

!    total energy              =   -8040.32042334 Ry
     estimated scf accuracy    <          1.8E-09 Ry
     smearing contrib. (-TS)   =      -0.24623890 Ry
     internal energy E=F+TS    =   -8040.07418444 Ry

     The total energy is F=E-TS. E is the sum of the following terms:
     one-electron contribution = -206126.61355751 Ry
     hartree contribution      =  103926.11934339 Ry
     xc contribution           =   -3110.52053135 Ry
     ewald contribution        =   97272.79575373 Ry
     DFT-D3 Dispersion         =      -1.85519270 Ry

     convergence has been achieved in  31 iterations

     negative rho (up, down):  3.908E-03 0.000E+00
